structure(list(exp = structure(c(5.19961861293118, 8.3429517999199, 
9.31973463517267, 10.5855894599602, 6.30015334241384, 8.19949190716955, 
11.2257624336325, 7.49533787035261, 11.7830804366508, 6.80324781904862, 
7.79405477386888, 5.30864976301192, 6.35168852877438, 5.81188034034096, 
11.7175055682157, 11.3840799675388, 8.15709238510885, 8.56875008431888, 
10.8920127784752, 9.87255132134664, 8.54072904451221, 9.5095774858564, 
7.88085013334654, 16.0028144816553, 16.9291745908936, 10.6303941352559, 
9.83600669395407, 32.1819016808281, 13.1460808710426, 12.2683027818173, 
9.45136641447559, 7.06158918851011, 10.7080348639503, 6.66701176181619, 
9.18112515323951, 13.1625960282278, 6.00158755579601, 10.1356277804081, 
11.1821714718051, 5.65776353331874, 11.1548477278709, 19.8699798392828, 
16.1558830240867, 9.29638443958711, 7.16134020509563, 13.4775638099566, 
19.8807072886949, 12.4158568971765, 12.7440524442242, 10.1415172879501, 
6.7902013321335, 12.6669132378506, 6.17939444336159, 11.0662988157968, 
6.19573703728275, 10.883734778862, 6.53441047315356, 5.09795946258006, 
19.8250769225365, 8.83006218532914, 7.26678844693468, 7.29591721743303, 
17.5723582312359, 15.9193596522812, 13.2811202728112, 26.4467040137052, 
18.9336396797016, 8.63734548809212, 11.8968274577715, 17.9375835918755, 
10.7260537833016, 10.721329679201, 14.0755961443936, 11.5002394451545, 
8.14070405838574, 9.19192261765286, 10.8054789372271, 9.37311640550963, 
9.52213097110518, 9.85704219457692, 10.0306584828427, 17.4026753898826, 
8.24161406439281, 9.94169723371884, 7.06376350045722, 12.6452760425847, 
7.76882318071646, 6.55759657879223, 8.65124208428963, 17.3793936104811, 
14.6210321448293, 10.6601920254967, 12.2978822243945, 9.80410079689193, 
7.03567476232072, 10.0296595440374, 18.4181480255423, 16.0020276538514, 
6.93559197804733, 12.5599277354968, 13.0955306261143, 9.98815457055757, 
12.180321352207, 8.09798330382503, 17.3465847258411, 7.26452013020859, 
6.88452398350113, 9.10709559867906, 5.26306310346582, 9.21697995524435, 
7.32593364740143, 4.14794721329752, 5.43977449799217, 11.8530984157084, 
5.77394121869678, 7.63132538292218, 6.32873463655135, 6.16055600429787, 
12.9650229840826, 5.90804253846097, 10.6023508605857, 12.9784887114656, 
5.50130315425688, 6.77332250802573, 6.20802370964048, 6.54563130396485, 
6.02198092716704, 9.57945095044852, 5.17409766519948, 8.997648609098, 
3.68243426915062, 8.64570858091262, 9.73645234839215, 8.60016451069645, 
10.6692085545565, 11.1401379397797, 13.7349217613709, 7.05269069021567, 
7.96735311686992, 12.0387920839781, 10.5485048924753, 5.8843570447098, 
10.0451256053038, 6.92588135177426, 23.0602523730374, 6.29940597924139, 
11.4279918048289, 11.9096994670304, 18.5432702143668, 5.41547869925962, 
12.2873934298052, 11.3532272840386, 6.52793362162636, 14.0180378565228, 
11.187760566966, 7.44611616205394, 13.6007067415007, 8.35746482484257, 
5.40939969438375, 5.96948432725344, 10.1316221621538, 10.9748946029955, 
11.159564918886, 13.0564964999153, 9.10616209496171, 7.96380783632986, 
5.6037370073923, 7.01319912989266, 6.84594286412108, 6.71578619120719, 
22.4172998718041, 13.673206569573, 11.8915171599482, 6.78538089940214, 
13.7529666392781, 16.5500459947786, 12.4146825494817, 10.777429167373, 
3.81845703027634, 8.19099710311744, 10.8569879380252, 9.80224220199072, 
5.43234634399209, 4.43587537601879, 5.71237016444051, 7.59220179808028, 
7.97773045928592, 4.58834482040389, 4.43038189586693, 9.37718798302848, 
12.8296299104321, 9.70643021119323, 10.3452097721147, 6.4032009318862, 
10.8999599447726, 9.31885287833385, 8.50514673190933, 9.35972060964411, 
7.57967533059571, 8.25144019958366, 7.03915890495409, 8.07225812994888, 
10.4562501854053, 7.50849529963238, 13.3990745417054, 13.5545980994126, 
9.42057614402802, 9.89033036051601, 11.7501191949415, 6.22656969570129, 
9.18295636832188, 6.0087245586797, 9.93618748486639, 10.3227806725338, 
11.6252074241306, 7.8304894125314, 34.5591281901141, 17.7705599864644, 
10.8054299885278, 11.0521866553245, 10.1083075894972, 5.06744000629921, 
10.6417239615362, 7.60903236595119, 7.18163353936312, 8.59700467625563, 
6.43103460462323, 4.16354939754211, 11.2255804169175, 12.3264838141507, 
7.41798614990536, 15.5311769592573, 10.869269759615, 5.8008238924748, 
14.3793360660728, 20.2688144833851, 8.52391882846874, 10.348948516515, 
9.10502513891042, 14.0081093556244, 17.969449694767, 18.9442107180703, 
10.5394826659129, 6.97163797898031, 8.67714654775429, 8.66906332972407, 
4.7493004603078, 9.36256981556588, 4.10759225588744, 12.4042584591181, 
18.1176451889519, 22.1871955574929, 3.64814006611357, 8.76039578619967, 
7.17967002225305, 18.4746585259593, 11.7204359900844, 7.77055767166641, 
8.31660735831339, 7.50340400681459, 4.80082193179665, 2.72546631471913, 
8.4379103828055, 7.79545334113417, 9.88100747894259, 9.16858496385475, 
6.51575537106118, 11.7323482748435, 11.420846693861, 8.91953615943838, 
8.28210461965356, 25.444808779, 11.5280857855785, 6.20143953077039, 
6.96886202084779, 5.32922622427355, 25.2156803104558, 11.5937751622033, 
13.3385938161597, 8.52557680121285, 6.32183075445129, 7.04535373382972, 
7.74042653992853, 9.10488581915582, 5.51300257799661, 13.6940406551639, 
28.4816392659753, 11.7452799556773, 9.28401709045277, 28.2283564057743, 
11.4169499510279, 11.7319940547647, 16.7889220453855, 17.603263774084, 
9.61577678551807, 7.62201682999517, 14.5614130784454, 11.6458850925175, 
12.6814287126024, 17.4222142092913, 9.83561590896474, 30.2974592678266, 
14.2222787011944, 11.9260594271585, 9.02699458933936, 25.1481935481506, 
23.7614863942885, 22.9226743372433, 34.547877165489, 21.1457020456736, 
17.8473002496124, 16.8033395673575, 7.5640748410741, 10.7932567539183, 
13.0367017560432, 8.29719504829233, 22.3499085537286, 18.1971524879577, 
23.5281911007936, 13.2527998944091, 11.2061578465652, 12.9058848786423, 
10.7939312351597, 24.1872245574126, 14.5969871947187, 22.1916155183006, 
24.4541523805663, 23.7621631905764, 9.7447957070779, 16.9697292678205, 
23.3970641069297, 23.8985689101739, 14.5610465128693, 17.9265218381787, 
9.91320441274256, 8.41023167795733, 17.0061677020501, 10.608783398423, 
52.1529670605989, 35.6368865481885, 5.18164979283597, 16.1936474708019, 
13.5929697085029, 14.3502962732151, 10.4968654468375, 7.64456202412224, 
16.9267627452753, 10.8090424745836, 8.77076825594864, 15.4772088547745, 
20.4634503105748, 16.1967757758515, 11.297880134407, 16.9800100510756, 
5.25290134255393, 30.3246780831503, 16.7723949672826, 14.9854212484736, 
9.88499706496918, 6.36691689423633, 6.18986454668565, 8.76827273795875, 
13.409015686529, 9.76655487477097, 9.905746649714, 9.53733766371327, 
7.61908125158309, 7.75416404018677, 6.01729800091046, 6.97114073579231, 
11.2463323886492, 6.97136212055778, 8.91990086203401, 7.28714141402442, 
10.4661079590084, 5.97098055073778, 7.59736595982926, 11.9497648986062, 
7.33138130725729, 9.82277805193236, 2.92193143798733, 10.6884943498919, 
14.9361163153593, 10.96294390012, 17.4976490227203, 22.5190690278871, 
16.7440547077054, 7.15704776952414, 6.10775014702785, 4.14635751032769, 
11.5805021765323, 7.77622619754113, 9.59126172328547, 7.91017362839804, 
10.1963578438293, 6.53568279602062, 8.79824477313568, 10.6455557643592, 
12.6863022941699, 8.96667220116124, 10.1006135647025, 8.07043280159031, 
7.95283250420906, 7.22895269726018, 7.13097237985016, 9.48945682654414, 
9.9065620220917, 8.65043350440199, 7.53621172778214, 8.27814556658337, 
9.54534155632744, 8.77216052236985, 15.3552842455799, 9.50253590314618, 
7.50528264956715, 9.32385329461245, 16.1297433159544, 18.4286411757009, 
13.3782945630954, 17.299756024078, 7.65992458242568, 12.8004312662747, 
18.7426594413644, 18.7853686702349, 19.5964387998933, 4.31692559293185, 
6.93841153747123, 9.75208257031488, 9.01138875809565, 3.68547905127949, 
20.7300149237622, 5.25946164059579, 9.23918527402402, 7.87349063953588, 
5.52792856710727, 4.55406490116003, 3.91738149671254, 6.69063355010698, 
