structure(list(exp = structure(c(0.001035288241319, 0.00166115258431986, 
0.00185563834547636, 0.00210768079567843, 0.00125441405600146, 
0.00163258850085113, 0.00223514467358765, 0.00149238544969255, 
0.0023461114229114, 0.00135458444054412, 0.00155186252305415, 
0.00105699726961876, 0.00126467514944407, 0.00115719475296595, 
0.00233305490948788, 0.00226666703963968, 0.00162414639578638, 
0.00170611094110528, 0.00216869228173928, 0.00196570884437363, 
0.00170053171401558, 0.001893437669935, 0.00156914421653159, 
0.00318629632174649, 0.00337074248976663, 0.00211660178718624, 
0.00195843249857995, 0.0032038450195738, 0.00261749638932589, 
0.00244272331423873, 0.00188184735106714, 0.00140602240204856, 
0.00213206071589782, 0.00132745868410006, 0.00182804002000998, 
0.00262078469743274, 0.00119496707129821, 0.00201808960244631, 
0.00111323267137149, 0.00112650878732553, 0.00222102495318565, 
0.00197814089976674, 0.00160838678450046, 0.00185098912315415, 
0.00142588367692626, 0.00134174872935621, 0.00197920886292543, 
0.00123605129610651, 0.00253744911394958, 0.00201926225343464, 
0.00135198677415756, 0.00252209004259296, 0.00123036993324358, 
0.00220339411248824, 0.00123362388253847, 0.00216704406168714, 
0.0013010566409589, 0.00101504704079725, 0.0019736706236591, 
0.00175814040050014, 0.00144687931775504, 0.00145267910343663, 
0.0034988058169882, 0.00158483987809675, 0.00132219194075021, 
0.00263288172895417, 0.00188492425935023, 0.00171976886877681, 
0.00236875942120082, 0.00357152528921282, 0.00213564843582776, 
0.00213470782656576, 0.00280257077732687, 0.00228979537851327, 
0.00162088334070209, 0.00183018988690895, 0.00215146265876318, 
0.00186626710947709, 0.00189593717550129, 0.00196262084546965, 
0.00199718932349148, 0.00346502052166485, 0.00164097538022028, 
0.00197947638298428, 0.00140645532602999, 0.00251778189318788, 
0.00154683869849219, 0.00130567319157859, 0.00172253579914395, 
0.00173019246079306, 0.002911171718988, 0.00212253480029332, 
0.0024486128325601, 0.0019520797634053, 0.00140086261962766, 
0.00199699042628845, 0.00366720975078737, 0.00318613965764591, 
0.00138093528698464, 0.00250078832013526, 0.00260743140609041, 
0.00198872643344616, 0.00242520546412114, 0.00161237727551742, 
0.00345385239391303, 0.00144642767662346, 0.00137076721540148, 
0.00181330010674867, 0.00104792057840304, 0.00183517901570827, 
0.00145865562966018, 0.00082589153074787, 0.00108310531837709, 
0.00354007889611216, 0.00114964075151929, 0.00151946171878263, 
0.00189015725173244, 0.00122661903997634, 0.00258144622578091, 
0.00117634146359689, 0.00211101813294629, 0.00258412736650645, 
0.00109535619658123, 0.00134862605687676, 0.00123607026339134, 
0.00130329080370458, 0.00119902756479841, 0.00190735007037386, 
0.00103020680380198, 0.00179150828127146, 0.000733203948612804, 
0.00172143403160945, 0.00193861038257396, 0.00171236582029115, 
0.00212433006783273, 0.00221809610940368, 0.00410210941999295, 
0.00140425063543731, 0.00158636769547253, 0.00239702578439704, 
0.00210029694322509, 0.00117162548056125, 0.00200006985048484, 
0.00137900181879308, 0.00459149216526781, 0.00125426524964429, 
0.0022754102595151, 0.00237132234760367, 0.00369212264160902, 
0.00107826781843455, 0.00244652442444552, 0.00226052400823322, 
0.0012997670447931, 0.00279111043320184, 0.00222757817907397, 
0.00148258498938715, 0.00270801626259394, 0.0016640422508833, 
0.0010770574369171, 0.00118857504574929, 0.00201729204982052, 
0.00218519475715766, 0.00222196418599359, 0.00259965937993381, 
0.00181311423822758, 0.00158566179999663, 0.00111575164700915, 
0.00139638753026031, 0.00136308538675125, 0.0013371700873749, 
0.0022317374299033, 0.00272245159431504, 0.00236770209578839, 
0.00135102698504679, 0.0013691662509138, 0.00164762738261912, 
0.00123593438480492, 0.00214587771127693, 0.000760287235989878, 
0.00163089711319328, 0.00216171853843784, 0.00195170970137001, 
0.00108162630980676, 0.000883220474157023, 0.00113738143151482, 
0.00151167188065021, 0.00158843391251251, 0.000913578435900559, 
0.000882126675586682, 0.00186707779515284, 0.0025544883145299, 
0.00193263271999232, 0.00205981915758454, 0.0012749317065483, 
0.00217027463006747, 0.00185546278019843, 0.00169344697327227, 
0.00186359989271081, 0.00150917775455031, 0.00164293184721872, 
0.00140155634202692, 0.00160725517483996, 0.00208192824725989, 
0.00149500520564647, 0.00266786957856596, 0.00269883564021939, 
0.0018757167466297, 0.00196924880212134, 0.00233954855965139, 
0.00123976292678105, 0.00182840463049072, 0.00119638810920768, 
0.00197837934517744, 0.0020553533333024, 0.00231467756484394, 
0.00155911696915721, 0.00688101603384555, 0.00353826947035818, 
0.00215145291266128, 0.00220058426144258, 0.0020126499203261, 
0.00100897035776122, 0.00211885765185581, 0.00151502298970427, 
0.00142992425218923, 0.00171173667040832, 0.00128047362726258, 
0.000828998058185698, 0.00223510843251329, 0.00245430765207704, 
0.00147698406497836, 0.00309238928404777, 0.0021641639534616, 
0.00115499332026123, 0.0028630479762798, 0.00302676987422768, 
0.0025457769857749, 0.00206056357335866, 0.00181288786061829, 
0.00139456679216066, 0.001788935050515, 0.00188597665112512, 
0.00104925027063225, 0.000694056176006963, 0.000863846798950857, 
0.00172608416051762, 0.000945626071269829, 0.000932083596908213, 
0.000817856515875493, 0.00246979324465632, 0.0018036885414888, 
0.00331324435191152, 0.000726375681427713, 0.000872134614277054, 
0.00142953329925075, 0.00183923073576422, 0.00233363838137853, 
0.000773592025188201, 0.000827953591088019, 0.00149399148599129, 
0.00095588443396497, 0.000542663498573237, 0.000840029822465911, 
0.00155214098967877, 0.00196739253719372, 0.00182554316176317, 
0.00129734225164027, 0.00233601021847976, 0.00227398760721717, 
0.001775955428908, 0.00164903739377675, 0.0025331388023341, 0.00114766991073583, 
0.00123475929743972, 0.00138755963516545, 0.00106109421787169, 
0.00251032808996327, 0.0011542095672243, 0.00132791367613555, 
0.0016975147736426, 0.00125873021290742, 0.00140278978508676, 
0.00154118468605605, 0.00181286012087151, 0.00109768565124505, 
0.00136329991888034, 0.0028354681776296, 0.00116929251300007, 
0.000924263339434817, 0.00281025279296257, 0.00113660586630637, 
0.00116796984512632, 0.00167140850819158, 0.00175247968656996, 
0.000957291426378589, 0.000758804153405124, 0.00144965052817642, 
0.00115939733214768, 0.00126249009846909, 0.00173445543330457, 
0.0019583546899685, 0.00301624077233426, 0.0028317765205875, 
0.00237457975465791, 0.00179735131525828, 0.00250360949609511, 
0.00236555690825953, 0.0022820496047454, 0.0034393879296275, 
0.00210514446462256, 0.00177677455436461, 0.00167284383374887, 
0.00150607156454622, 0.00214902911822784, 0.00129785903912728, 
0.00165204202632563, 0.00222502833791364, 0.0018116038308482, 
0.00234233137076436, 0.00131937252677661, 0.00223124123374377, 
0.00192725349491685, 0.00161187255987999, 0.00361191142637218, 
0.00217978812385297, 0.0022092695938152, 0.00243451474960693, 
0.00236562428620498, 0.000970135808086351, 0.00168940863524581, 
0.00232927712150374, 0.00237920405503618, 0.00144961403501617, 
0.00178466140003607, 0.000986901610127751, 0.000837274289820403, 
0.00169303623616217, 0.00105614945293998, 0.00519204941430287, 
0.00354780343973732, 0.000515855248288296, 0.0016121463955926, 
0.00135323787679547, 0.0014286329534012, 0.00104500754543729, 
0.000761048623251427, 0.0016851311354066, 0.00107608609466317, 
0.000873167237702341, 0.00154082188796858, 0.00203722340621929, 
0.00161245783164919, 0.00112475196025863, 0.00169043213089115, 
0.00104589728547209, 0.00301895052102402, 0.00166976316736017, 
0.00298372468534011, 0.00196818689766678, 0.00126770724638635, 
0.00123245461976844, 0.0017458375965712, 0.0026698489449594, 
0.00194460405132429, 0.00197231831627604, 0.00189896495719423, 
0.001517023808208, 0.00154391993907001, 0.00119809515439501, 
0.00138801334667066, 0.00223924032639193, 0.00138805742625833, 
