structure(list(exp = structure(c(0.00101992115135582, 0.00163649560456581, 
0.00182809455597313, 0.00207639586544529, 0.00123579441667754, 
0.00160835550624717, 0.00220196775926669, 0.00147023353049762, 
0.00231128739626778, 0.0013344779425373, 0.00152882776804536, 
0.00104130794611947, 0.0012459032016714, 0.00114001816854818, 
0.00229842468453965, 0.00223302222950416, 0.001600038709848, 
0.00168078663114719, 0.00213650173995018, 0.00193653124585824, 
0.00167529021817745, 0.00186533281386468, 0.0015458529442286, 
0.0031390011818314, 0.00332070956075648, 0.00208518444003422, 
0.00192936290502005, 0.00315628939913988, 0.00257864411525599, 
0.00240646524868083, 0.00185391453353221, 0.00138515239514595, 
0.00210041390728883, 0.00130775482172934, 0.00360181176124961, 
0.00516376722806357, 0.00117722982117328, 0.00198813450082645, 
0.00109670862915005, 0.0011097876837833, 0.00218805762205612, 
0.00194877876857144, 0.00158451302313955, 0.0018235143434347, 
0.00140471886323878, 0.00264366551122361, 0.00194983087963669, 
0.00121770422066579, 0.00249978500529384, 0.00198928974580889, 
0.00133191883408221, 0.0024846539131819, 0.00121210718795435, 
0.0021706884811485, 0.00121531283791621, 0.0021348779849164, 
0.00128174467193341, 0.000999980396967779, 0.00194437484609593, 
0.0017320438018679, 0.00142540285955294, 0.00143111655729808, 
0.00344687200608656, 0.00156131563044093, 0.00130256625421077, 
0.00259380108573185, 0.00185694577035444, 0.00169424183015354, 
0.00233359922361146, 0.00351851208164931, 0.00210394837362935, 
0.00210302172610919, 0.0027609713893067, 0.00225580726759447, 
0.00159682408925666, 0.00180302383641272, 0.00211952786137041, 
0.00183856555408212, 0.00186779521852963, 0.0019334890830365, 
0.00196754445090171, 0.0034135881959071, 0.00161661789668209, 
0.00195009442881609, 0.00138557889310851, 0.00248040971091429, 
0.00152387851359917, 0.00128629269772508, 0.00169696769015382, 
0.00170451070170658, 0.00286796033502893, 0.00209102938767072, 
0.0024122673471376, 0.00192310446537493, 0.00138006920090357, 
0.00196734850598876, 0.00361277627042407, 0.00313884684314247, 
0.00136043765556039, 0.00246366837849908, 0.00256872852954739, 
0.00195920717803959, 0.0023892074212004, 0.00158844428211658, 
0.00340258583998291, 0.00142495792226444, 0.00135042051167498, 
0.00178638475626121, 0.0010323659829195, 0.00180793891009575, 
0.00143700437217296, 0.00081363257817186, 0.00106702846537826, 
0.0023250216377828, 0.00113257629338208, 0.00149690789850704, 
0.00124140072525399, 0.00120841197030669, 0.00254312905496465, 
0.00115888067888298, 0.00207968366562774, 0.0025457703987244, 
0.00107909750016917, 0.00132860800092327, 0.00121772290641359, 
0.00128394567233982, 0.00118123004356595, 0.00187903870842371, 
0.00101491513912072, 0.00176491639330314, 0.000722320785267554, 
0.00169588227648112, 0.00190983501455218, 0.00168694866730894, 
0.00209279800752237, 0.00218517225196977, 0.00269414706336366, 
0.00138340692739121, 0.00156282076997095, 0.00236144602080776, 
0.00206912161370062, 0.00115423469658016, 0.00197038222137985, 
0.00135853288640978, 0.00452333928730312, 0.0012356478190972, 
0.00224163567117769, 0.00233612410773871, 0.00363731937182937, 
0.00106226276987999, 0.00241020993788314, 0.0022269703809321, 
0.00128047421762541, 0.00274968115446346, 0.00219451357647187, 
0.00146057854132691, 0.00266782037523795, 0.00163934237895268, 
0.00106107035441385, 0.00117093267435256, 0.00198734878651049, 
0.00215275926423878, 0.00218898291355334, 0.0025610718658767, 
0.00178620164664162, 0.00156212535231064, 0.00109919021488633, 
0.00137566053661299, 0.00134285270668235, 0.00131732207576937, 
0.00219861109030939, 0.00268204143905535, 0.00233255759239325, 
0.00133097329140545, 0.0013488433107773, 0.00162317116143936, 
0.00121758904471327, 0.00211402581291367, 0.000749002067389462, 
0.00160668922435722, 0.00212963150998582, 0.00192273989628003, 
0.00106557141017015, 0.000870110571096209, 0.00112049894209499, 
0.00148923368724895, 0.0015648563175395, 0.000900017920623173, 
0.000869033008101973, 0.00183936420651031, 0.00251657128797384, 
0.00190394608018651, 0.00202924465181969, 0.00125600751766108, 
0.00213806060101353, 0.00182792159666261, 0.00166831063833912, 
0.00183593792760419, 0.00148677658220138, 0.00161854532326148, 
0.00138075262617582, 0.00158339821029636, 0.00205102556972947, 
0.00147281440063808, 0.00262826960033032, 0.00265877602356013, 
0.001847874927472, 0.00194001865896476, 0.0023048219475307, 0.00122136075850704, 
0.0018012650790842, 0.00117862976619622, 0.00194901367466629, 
0.00202484511508992, 0.00228032012026465, 0.00153597453425654, 
0.00677887907506442, 0.00348574988876253, 0.00211951825993279, 
0.00216792033755405, 0.0019827755615189, 0.000993993911937644, 
0.00208740682023644, 0.00149253505479891, 0.00140869946304652, 
0.00168632885608414, 0.00126146717800498, 0.000816692994502941, 
0.00220193205612932, 0.00241787763676195, 0.00145506075309781, 
0.00304648803410351, 0.00213204062699018, 0.00113784941236104, 
0.00282055090728544, 0.00198789508841091, 0.00167199284270092, 
0.00202997801801003, 0.00178597862922223, 0.00137386682426816, 
0.00176238135777285, 0.00185798254116655, 0.00103367593813316, 
0.000683754094643989, 0.00085102446508858, 0.00170046338214878, 
0.000931589863449854, 0.000918248404045746, 0.000805716829404778, 
0.00243313337210457, 0.00177691585831092, 0.0021760432565263, 
0.000715593872074461, 0.000859189261917481, 0.00140831431313829, 
0.00181193048927101, 0.00229899949578423, 0.000762109369661544, 
0.000815664030739708, 0.00147181572792395, 0.000941695958229529, 
0.000534608583555866, 0.000827561011038921, 0.00152910210130741, 
0.00193818994712719, 0.00179844608398439, 0.00127808541639544, 
0.00230133612700495, 0.00224023413572914, 0.00174959439653323, 
0.00162456024338381, 0.00249553867291016, 0.00113063470637203, 
0.00121643139951783, 0.00136696367657937, 0.00104534408215618, 
0.00247306654669836, 0.00113707729280254, 0.00130820306018331, 
0.00167231805914389, 0.00124004650758834, 0.00138196776087503, 
0.00151830842534404, 0.00178595130122472, 0.00108139237804755, 
0.00134306405444752, 0.00279338048375426, 0.00115193635794739, 
0.000910544224969973, 0.00553707875701861, 0.00111973488883062, 
0.0023012666456492, 0.00329319859344449, 0.00172646711159098, 
0.000943082066238076, 0.000747540998638724, 0.00142813293607736, 
0.00114218805419482, 0.00124375058405513, 0.00170871039765464, 
0.00192928625134486, 0.00297146981730051, 0.00278974362307091, 
0.00233933316413537, 0.00177067269740609, 0.00246644767890867, 
0.00233044424651817, 0.00224817646664052, 0.00338833607602438, 
0.00207389718190241, 0.00175040136346811, 0.00164801331731722, 
0.00148371649829541, 0.00211713044259793, 0.00127859453305273, 
0.00162752027728195, 0.00219200158335901, 0.00356942731737255, 
0.00461512690510842, 0.00259957737926748, 0.0021981222593364, 
0.00126576446702792, 0.00105863137208188, 0.00237219917027639, 
0.00143162192212892, 0.00217647675096613, 0.0023983785262048, 
0.00233051062435283, 0.000955735794984328, 0.00166433224255992, 
0.00229470297138134, 0.00234388882465365, 0.00142809698459589, 
0.0017581711423536, 0.000972252737260889, 0.000824846379580512, 
0.00166790599792158, 0.00104047271383473, 0.00511498228723765, 
0.00349514234261073, 0.000508198256069081, 0.00158821682921086, 
0.00133315136623316, 0.00140742733138881, 0.00102949618896475, 
0.000749752153154406, 0.0016601182349176, 0.00106011343008065, 
0.000860206557807458, 0.00151795101237602, 0.00401396859176725, 
0.00317704728505964, 0.00221611386764167, 0.00333068109231259, 
0.00103037272232471, 0.00297413934438798, 0.00164497837817205, 
0.00293943637621514, 0.00193897251667249, 0.00124889029230081, 
0.00121416093085975, 0.00171992361210111, 0.00263021958640219, 
0.00191573971750225, 0.00194304261141184, 0.00187077805796224, 
0.00149450617456105, 0.00152100307818747, 0.0011803114732063, 
0.00136741065351034, 0.00220600261908348, 0.00136745407881164, 
