structure(list(exp = structure(c(0.00103917465948456, 0.00166738846464942, 
0.00186260431522927, 0.00211559291966922, 0.00125912306106865, 
0.00163871715309827, 0.00224353529034093, 0.00149798778698397, 
0.00235491860306522, 0.00135966948002048, 0.00155768813418285, 
0.00106096518234649, 0.0012694226741219, 0.00116153880183034, 
0.00234181307616997, 0.00227517598971421, 0.00163024335681056, 
0.00171251559276589, 0.00217683343967276, 0.00197308801304963, 
0.00170691542154812, 0.00190054553638426, 0.00157503470223801, 
0.00319825751227437, 0.00338339608160783, 0.00212454740011476, 
0.00196578435223262, 0.00321587208699982, 0.00262732233451657, 
0.00245189317040342, 0.00188891170806271, 0.00141130053695478, 
0.00214006436084001, 0.00133244189489876, 0.00183490238708573, 
0.00263062298676088, 0.00119945291547937, 0.00202566540576141, 
0.00111741168887004, 0.00113073764267227, 0.00222936256524355, 
0.00198556673773153, 0.00161442458476424, 0.00185793763996848, 
0.00143123637002448, 0.00134678558424093, 0.00198663870996833, 
0.00124069136832894, 0.0025469745658354, 0.00202684245882051, 
0.00135706206212953, 0.00253155783732442, 0.00123498867792557, 
0.00221166553928794, 0.00123825484237673, 0.00217517903228835, 
0.00130594073986203, 0.00101885747454971, 0.00198107968044009, 
0.00176474036804291, 0.00145231082739599, 0.00145813238517113, 
0.00351194015189341, 0.00159078928449964, 0.00132715538046855, 
0.00264276542990893, 0.00189200016689933, 0.00172622479158693, 
0.00237765162076127, 0.00358493260923131, 0.0021436655488838, 
0.0021427214086236, 0.00281309148213599, 0.00229839115116798, 
0.00162696805238734, 0.00183706032447312, 0.00323930870638336, 
0.00187327297905677, 0.00190305442496434, 0.00196998842195852, 
0.00200468666824736, 0.00347802802833012, 0.00164713551637598, 
0.00198690723428355, 0.0014117350861103, 0.00252723351535074, 
0.00232896817566752, 0.00131057462077243, 0.00259350316329994, 
0.00173668751322501, 0.00292210010607885, 0.00213050268544421, 
0.00245780479766999, 0.00195940776922081, 0.00140612138497927, 
0.00200448702439458, 0.00368097626529373, 0.00319810026006491, 
0.00138611924616683, 0.00251017614930949, 0.00261721956785796, 
0.00199619200895335, 0.00243430955918839, 0.00161843005587676, 
0.00346681797600808, 0.00145185749082712, 0.00137591300417225, 
0.00182010714095732, 0.00105185441770443, 0.00184206818220224, 
0.00146413134696301, 0.000828991884562176, 0.00108717123936079, 
0.00236891211200528, 0.00115395644305547, 0.00152516569897874, 
0.00126483520244169, 0.00123122370400026, 0.00259113684053425, 
0.0011807573882163, 0.00211894278512746, 0.00259382804612251, 
0.00109946810672399, 0.00135368872889099, 0.00124071040681597, 
0.00130818328953835, 0.00120352865186079, 0.00191451016325015, 
0.00103407414651562, 0.00179823351010166, 0.000735956358068666, 
0.00172789620535416, 0.00194588782503498, 0.00171879395244262, 
0.0021323046923245, 0.00222642272673448, 0.00274500568347908, 
0.0014095221192239, 0.00159232283722232, 0.00240602409441351, 
0.00210818134861814, 0.00117602370162583, 0.00200757800858911, 
0.00138417851983633, 0.00460872838784423, 0.00125897369610017, 
0.00228395203118191, 0.00238022416825643, 0.00370598267781066, 
0.00108231557969529, 0.00245570854978006, 0.00226900989768762, 
0.00130464630261935, 0.00280158811647569, 0.00223594039160072, 
0.00148815053626075, 0.00271818201467682, 0.00167028897887071, 
0.00108110065446862, 0.00119303689459928, 0.00202486485916458, 
0.00219339786452483, 0.00223030532388256, 0.00260941836591975, 
0.00181992057469549, 0.00159161429185154, 0.00111994012061111, 
0.00140162949635939, 0.00136820233833715, 0.00134218975427597, 
0.00224011525604115, 0.00273267153588177, 0.00237659032620428, 
0.0013560986700204, 0.00137430602974722, 0.00165381249004556, 
0.00124057401814841, 0.00215393322450053, 0.000763141314696722, 
0.00163701941605919, 0.00216983351730199, 0.00195903631799191, 
0.00108568667866927, 0.000886536037840606, 0.00114165110220187, 
0.00151734661819947, 0.00159439681073351, 0.000917007961792231, 
0.00088543813320737, 0.00187408670800435, 0.00256407773068772, 
0.00193988772261918, 0.00206755161147738, 0.00127971773380759, 
0.00217842172805421, 0.00186242809088842, 0.00169980408505686, 
0.00187059574969759, 0.00151484312928002, 0.0016490993278497, 
0.0014068177115763, 0.00161328872709998, 0.00208974369752448, 
0.00150061737736536, 0.00267788462208686, 0.00270896692872379, 
0.00188275808965535, 0.00197664125961445, 0.00234833110315816, 
0.00124441693227182, 0.00183526836629523, 0.00120087928789118, 
0.00198580607825389, 0.00206306902272336, 0.00232336674393088, 
0.00156496981309896, 0.0069068470098425, 0.00355155194976384, 
0.00215952935490065, 0.00220884514020773, 0.00202020530335769, 
0.00101275797996189, 0.00212681173318288, 0.00152071030714248, 
0.00143529211339666, 0.00171816244076388, 0.00128528045860375, 
0.000832110073742295, 0.00224349891321946, 0.00246352099524295, 
0.00148252858627328, 0.0031039979524445, 0.00217228811228646, 
0.00115932910506184, 0.00287379570934563, 0.00202542147385053, 
0.00170355580003869, 0.00206829882174957, 0.00181969334727644, 
0.00139980192330369, 0.00179565061957089, 0.00189305650929816, 
0.00105318910152905, 0.000696661626762315, 0.00086708963486622, 
0.00173256379060418, 0.000949175902316425, 0.000935582590211014, 
0.000820926706662235, 0.00247906471993067, 0.0018104594943818, 
0.00221712139915754, 0.00072910245792401, 0.000875408562219727, 
0.0014348996928412, 0.00184613511220437, 0.00234239873838373, 
0.000776496049381109, 0.000831061685769501, 0.00149959985225937, 
0.00095947277437112, 0.000544700629098311, 0.000843183250691353, 
0.00155796764615669, 0.00197477802636493, 0.00183239615576304, 
0.00130221240691924, 0.00351716921885694, 0.00342378605748197, 
0.00267393340971005, 0.00165522779431167, 0.00254264807353449, 
0.00115197820383831, 0.00123939451956641, 0.00139276846180588, 
0.00106507751032988, 0.00251975173093683, 0.00115854240985681, 
0.00133289859495067, 0.00170388715573803, 0.00126345542060296, 
0.00140805578491718, 0.00154697021314051, 0.00181966550339608, 
0.00110180630603935, 0.00136841767580868, 0.00284611237756696, 
0.00117368197622587, 0.00092773297589815, 0.00282080233565849, 
0.001140872625562, 0.00117235434312578, 0.00167768288872548, 
0.0017590584040873, 0.000960885048561018, 0.000761652664697147, 
0.00145509244079704, 0.00116374964937966, 0.00126722942057931, 
0.00174096648871341, 0.00196570625153169, 0.00302756358318196, 
0.0028424068622365, 0.00238349380344717, 0.0018040984785339, 
0.00251300791581703, 0.00356165562862966, 0.00343592445025289, 
0.00345229921287658, 0.0021130470673586, 0.00178344447355097, 
0.0016791236024202, 0.00151172527880036, 0.00215709646166908, 
0.00130273113439958, 0.00165824370609474, 0.00223338097846941, 
0.00181840449732543, 0.0023511243607992, 0.00132432538256166, 
0.00223961719718707, 0.0012896588694752, 0.0010786156303754, 
0.00241698023589817, 0.0014586472900001, 0.00221756307686596, 
0.00244365379124729, 0.00237450471663186, 0.000973777647409092, 
0.00169575058731966, 0.00233802110656639, 0.00238813546320834, 
0.00145505581064337, 0.00179136092603053, 0.000990606387398605, 
0.000840417373919733, 0.00169939180606103, 0.00106011418300803, 
0.00521154009752992, 0.00356112170916773, 0.000517791742037315, 
0.00161819830924072, 0.00135831786134161, 0.0014339959671402, 
0.00104893044936457, 0.000763905560166416, 0.00169145702996873, 
0.00108012566584643, 0.000876445062059599, 0.0015466060531279, 
0.00204487103683774, 0.00161851091441205, 0.00112897422056801, 
0.00169677792511438, 0.00104982352943714, 0.00303028350412724, 
0.00167603137137023, 0.00299492543248987, 0.00197557536882584, 
0.00127246615339826, 0.00123708119025513, 0.00175239138002844, 
0.0026798714189187, 0.0019519039937058, 0.00197972229656551, 
0.00190609357279214, 0.00152271863661472, 0.0015497157341519, 
0.00120259274123727, 0.00139322387652046, 0.00224764631801264, 
