structure(list(exp = structure(c(5.19961861293118, 12.5144276998798, 
13.979601952759, 10.5855894599602, 6.30015334241384, 8.19949190716955, 
11.2257624336325, 11.2430068055289, 17.6746206549762, 10.2048717285729, 
11.6910821608033, 7.96297464451789, 9.52753279316157, 8.71782051051144, 
17.5762583523236, 11.3840799675388, 8.15709238510885, 12.8531251264783, 
10.8920127784752, 9.87255132134664, 8.54072904451221, 9.5095774858564, 
7.88085013334654, 16.0028144816553, 16.9291745908936, 10.6303941352559, 
9.83600669395407, 16.0909508404141, 13.1460808710426, 12.2683027818173, 
9.45136641447559, 7.06158918851011, 10.7080348639503, 6.66701176181619, 
9.18112515323951, 13.1625960282278, 6.00158755579601, 10.1356277804081, 
5.59108573590254, 5.65776353331874, 11.1548477278709, 9.93498991964139, 
8.07794151204333, 9.29638443958711, 7.16134020509563, 6.73878190497829, 
9.94035364434746, 6.20792844858824, 12.7440524442242, 10.1415172879501, 
6.7902013321335, 12.6669132378506, 6.17939444336159, 11.0662988157968, 
6.19573703728275, 10.883734778862, 6.53441047315356, 5.09795946258006, 
9.91253846126823, 8.83006218532914, 7.26678844693468, 7.29591721743303, 
17.5723582312359, 7.9596798261406, 6.64056013640558, 13.2233520068526, 
9.46681983985082, 8.63734548809212, 17.8452411866573, 26.9063753878132, 
16.0890806749524, 16.0819945188014, 14.0755961443936, 11.5002394451545, 
8.14070405838574, 9.19192261765286, 10.8054789372271, 9.37311640550963, 
14.2831964566578, 14.7855632918654, 15.045987724264, 26.1040130848239, 
12.3624210965892, 14.9125458505783, 7.06376350045722, 12.6452760425847, 
7.76882318071646, 6.55759657879223, 8.65124208428963, 8.68969680524053, 
14.6210321448293, 10.6601920254967, 12.2978822243945, 9.80410079689193, 
7.03567476232072, 10.0296595440374, 18.4181480255423, 16.0020276538514, 
6.93559197804733, 12.5599277354968, 13.0955306261143, 9.98815457055757, 
12.180321352207, 8.09798330382503, 17.3465847258411, 7.26452013020859, 
6.88452398350113, 13.6606433980186, 7.89459465519874, 13.8254699328665, 
10.9889004711021, 6.22192081994628, 8.15966174698825, 17.7796476235626, 
8.66091182804517, 11.4469880743833, 9.49310195482702, 9.2408340064468, 
19.447534476124, 8.86206380769145, 15.9035262908785, 19.4677330671985, 
8.25195473138532, 10.1599837620386, 9.31203556446072, 9.81844695594728, 
9.03297139075057, 14.3691764256728, 5.17409766519948, 13.496472913647, 
5.52365140372593, 12.9685628713689, 14.6046785225882, 12.9002467660447, 
16.0038128318347, 16.7102069096695, 20.6023826420564, 10.5790360353235, 
11.9510296753049, 18.0581881259671, 15.822757338713, 8.8265355670647, 
15.0676884079557, 10.3888220276614, 34.5903785595561, 9.44910896886209, 
17.1419877072434, 11.9096994670304, 27.8149053215502, 8.12321804888943, 
12.2873934298052, 17.0298409260579, 9.79190043243954, 21.0270567847842, 
16.7816408504491, 11.1691742430809, 20.4010601122511, 12.5361972372639, 
8.11409954157562, 8.95422649088016, 15.1974332432307, 16.4623419044932, 
16.739347378329, 19.5847447498729, 9.10616209496171, 7.96380783632986, 
5.6037370073923, 7.01319912989266, 6.84594286412108, 6.71578619120719, 
11.2086499359021, 13.673206569573, 11.8915171599482, 6.78538089940214, 
6.87648331963906, 8.27502299738931, 6.20734127474087, 10.777429167373, 
3.81845703027634, 8.19099710311744, 10.8569879380252, 9.80224220199072, 
5.43234634399209, 4.43587537601879, 5.71237016444051, 7.59220179808028, 
7.97773045928592, 4.58834482040389, 4.43038189586693, 9.37718798302848, 
12.8296299104321, 14.5596453167898, 10.3452097721147, 6.4032009318862, 
10.8999599447726, 9.31885287833385, 8.50514673190933, 9.35972060964411, 
7.57967533059571, 8.25144019958366, 7.03915890495409, 8.07225812994888, 
10.4562501854053, 7.50849529963238, 13.3990745417054, 13.5545980994126, 
9.42057614402802, 9.89033036051601, 11.7501191949415, 6.22656969570129, 
9.18295636832188, 6.0087245586797, 9.93618748486639, 10.3227806725338, 
11.6252074241306, 7.8304894125314, 34.5591281901141, 17.7705599864644, 
10.8054299885278, 11.0521866553245, 10.1083075894972, 5.06744000629921, 
10.6417239615362, 7.60903236595119, 7.18163353936312, 8.59700467625563, 
6.43103460462323, 4.16354939754211, 11.2255804169175, 12.3264838141507, 
7.41798614990536, 15.5311769592573, 10.869269759615, 5.8008238924748, 
14.3793360660728, 10.1344072416925, 8.52391882846874, 10.348948516515, 
9.10502513891042, 7.00405467781219, 8.98472484738349, 9.47210535903514, 
5.26974133295643, 3.48581898949015, 4.33857327387714, 8.66906332972407, 
4.7493004603078, 4.68128490778294, 4.10759225588744, 12.4042584591181, 
9.05882259447594, 11.0935977787465, 3.64814006611357, 4.38019789309983, 
7.17967002225305, 9.23732926297963, 11.7204359900844, 3.8852788358332, 
4.1583036791567, 7.50340400681459, 4.80082193179665, 2.72546631471913, 
4.21895519140275, 7.79545334113417, 9.88100747894259, 9.16858496385475, 
6.51575537106118, 11.7323482748435, 11.420846693861, 8.91953615943838, 
8.28210461965356, 12.7224043895, 5.76404289278927, 6.20143953077039, 
6.96886202084779, 5.32922622427355, 12.6078401552279, 5.79688758110165, 
6.66929690807987, 8.52557680121285, 6.32183075445129, 7.04535373382972, 
7.74042653992853, 9.10488581915582, 5.51300257799661, 6.84702032758196, 
14.2408196329876, 5.87263997783863, 4.64200854522638, 14.1141782028871, 
5.70847497551396, 5.86599702738234, 8.39446102269276, 8.80163188704199, 
4.80788839275904, 3.81100841499759, 7.28070653922269, 5.82294254625876, 
6.34071435630118, 8.71110710464567, 9.83561590896474, 15.1487296339133, 
14.2222787011944, 11.9260594271585, 9.02699458933936, 12.5740967740753, 
11.8807431971443, 11.4613371686217, 17.2739385827445, 10.5728510228368, 
8.92365012480621, 8.40166978367877, 7.5640748410741, 10.7932567539183, 
6.51835087802161, 8.29719504829233, 11.1749542768643, 9.09857624397887, 
11.7640955503968, 6.62639994720455, 11.2061578465652, 6.45294243932115, 
5.39696561757984, 12.0936122787063, 7.29849359735934, 11.0958077591503, 
12.2270761902831, 11.8810815952882, 4.87239785353895, 8.48486463391027, 
11.6985320534649, 11.9492844550869, 7.28052325643467, 8.96326091908935, 
4.95660220637128, 4.20511583897866, 8.50308385102506, 5.30439169921152, 
26.0764835302995, 17.8184432740942, 2.59082489641798, 8.09682373540096, 
6.79648485425145, 7.17514813660753, 5.24843272341873, 3.82228101206112, 
8.46338137263764, 5.4045212372918, 4.38538412797432, 7.73860442738723, 
10.2317251552874, 8.09838788792575, 5.64894006720352, 8.49000502553781, 
5.25290134255393, 15.1623390415751, 8.3861974836413, 14.9854212484736, 
9.88499706496918, 6.36691689423633, 6.18986454668565, 8.76827273795875, 
13.409015686529, 9.76655487477097, 9.905746649714, 9.53733766371327, 
7.61908125158309, 7.75416404018677, 6.01729800091046, 6.97114073579231, 
11.2463323886492, 6.97136212055778, 8.91990086203401, 7.28714141402442, 
10.4661079590084, 5.97098055073778, 7.59736595982926, 11.9497648986062, 
7.33138130725729, 9.82277805193236, 2.92193143798733, 10.6884943498919, 
14.9361163153593, 5.48147195006001, 8.74882451136017, 11.2595345139435, 
8.37202735385272, 7.15704776952414, 6.10775014702785, 4.14635751032769, 
11.5805021765323, 7.77622619754113, 9.59126172328547, 7.91017362839804, 
10.1963578438293, 6.53568279602062, 8.79824477313568, 10.6455557643592, 
12.6863022941699, 8.96667220116124, 10.1006135647025, 8.07043280159031, 
7.95283250420906, 7.22895269726018, 7.13097237985016, 9.48945682654414, 
9.9065620220917, 8.65043350440199, 7.53621172778214, 8.27814556658337, 
9.54534155632744, 8.77216052236985, 7.67764212278994, 9.50253590314618, 
7.50528264956715, 9.32385329461245, 8.06487165797718, 9.21432058785046, 
6.68914728154772, 8.64987801203901, 7.65992458242568, 6.40021563313734, 
9.37132972068218, 9.39268433511746, 9.79821939994664, 4.31692559293185, 
6.93841153747123, 9.75208257031488, 9.01138875809565, 3.68547905127949, 
20.7300149237622, 5.25946164059579, 9.23918527402402, 7.87349063953588, 
5.52792856710727, 4.55406490116003, 3.91738149671254, 6.69063355010698, 
