structure(list(exp = structure(c(15.5988558387935, 25.0288553997597, 
27.959203905518, 31.7567683798806, 18.9004600272415, 24.5984757215086, 
33.6772873008975, 7.49533787035261, 35.3492413099525, 6.80324781904862, 
7.79405477386888, 5.30864976301192, 6.35168852877438, 5.81188034034096, 
11.7175055682157, 11.3840799675388, 8.15709238510885, 8.56875008431888, 
10.8920127784752, 9.87255132134664, 8.54072904451221, 28.5287324575692, 
7.88085013334654, 16.0028144816553, 16.9291745908936, 10.6303941352559, 
9.83600669395407, 16.0909508404141, 13.1460808710426, 12.2683027818173, 
9.45136641447559, 7.06158918851011, 10.7080348639503, 6.66701176181619, 
9.18112515323951, 13.1625960282278, 6.00158755579601, 10.1356277804081, 
5.59108573590254, 5.65776353331874, 11.1548477278709, 9.93498991964139, 
8.07794151204333, 9.29638443958711, 7.16134020509563, 6.73878190497829, 
9.94035364434746, 6.20792844858824, 12.7440524442242, 10.1415172879501, 
6.7902013321335, 12.6669132378506, 18.5381833300848, 33.1988964473904, 
18.5872111118482, 10.883734778862, 6.53441047315356, 5.09795946258006, 
29.7376153838047, 26.4901865559874, 7.26678844693468, 7.29591721743303, 
17.5723582312359, 7.9596798261406, 6.64056013640558, 13.2233520068526, 
9.46681983985082, 8.63734548809212, 11.8968274577715, 17.9375835918755, 
10.7260537833016, 10.721329679201, 14.0755961443936, 11.5002394451545, 
8.14070405838574, 9.19192261765286, 10.8054789372271, 9.37311640550963, 
9.52213097110518, 9.85704219457692, 10.0306584828427, 17.4026753898826, 
8.24161406439281, 9.94169723371884, 7.06376350045722, 12.6452760425847, 
7.76882318071646, 6.55759657879223, 8.65124208428963, 8.68969680524053, 
14.6210321448293, 10.6601920254967, 12.2978822243945, 9.80410079689193, 
7.03567476232072, 10.0296595440374, 18.4181480255423, 16.0020276538514, 
6.93559197804733, 12.5599277354968, 13.0955306261143, 9.98815457055757, 
12.180321352207, 8.09798330382503, 17.3465847258411, 7.26452013020859, 
6.88452398350113, 9.10709559867906, 5.26306310346582, 9.21697995524435, 
7.32593364740143, 4.14794721329752, 5.43977449799217, 11.8530984157084, 
5.77394121869678, 7.63132538292218, 6.32873463655135, 6.16055600429787, 
12.9650229840826, 5.90804253846097, 10.6023508605857, 12.9784887114656, 
5.50130315425688, 6.77332250802573, 6.20802370964048, 6.54563130396485, 
6.02198092716704, 9.57945095044852, 5.17409766519948, 8.997648609098, 
3.68243426915062, 8.64570858091262, 9.73645234839215, 8.60016451069645, 
10.6692085545565, 11.1401379397797, 13.7349217613709, 7.05269069021567, 
23.9020593506098, 12.0387920839781, 31.6455146774259, 5.8843570447098, 
30.1353768159114, 6.92588135177426, 69.1807571191121, 18.8982179377242, 
34.2839754144867, 35.7290984010911, 55.6298106431005, 16.2464360977789, 
36.8621802894155, 34.0596818521158, 19.5838008648791, 14.0180378565228, 
11.187760566966, 7.44611616205394, 13.6007067415007, 8.35746482484257, 
5.40939969438375, 5.96948432725344, 30.3948664864615, 32.9246838089865, 
11.159564918886, 13.0564964999153, 27.3184862848851, 23.8914235089896, 
16.8112110221769, 21.039597389678, 20.5378285923632, 20.1473585736216, 
33.6259498077062, 41.019619708719, 35.6745514798445, 20.3561426982064, 
20.6294499589172, 8.27502299738931, 18.6220238242226, 32.332287502119, 
11.455371090829, 24.5729913093523, 32.5709638140757, 29.4067266059722, 
16.2970390319763, 13.3076261280564, 17.1371104933215, 22.7766053942408, 
23.9331913778578, 13.7650344612117, 13.2911456876008, 9.37718798302848, 
12.8296299104321, 9.70643021119323, 10.3452097721147, 6.4032009318862, 
10.8999599447726, 9.31885287833385, 8.50514673190933, 9.35972060964411, 
7.57967533059571, 8.25144019958366, 7.03915890495409, 8.07225812994888, 
10.4562501854053, 7.50849529963238, 13.3990745417054, 13.5545980994126, 
9.42057614402802, 9.89033036051601, 11.7501191949415, 6.22656969570129, 
9.18295636832188, 6.0087245586797, 9.93618748486639, 10.3227806725338, 
11.6252074241306, 7.8304894125314, 34.5591281901141, 17.7705599864644, 
10.8054299885278, 11.0521866553245, 10.1083075894972, 5.06744000629921, 
10.6417239615362, 7.60903236595119, 7.18163353936312, 8.59700467625563, 
6.43103460462323, 4.16354939754211, 11.2255804169175, 12.3264838141507, 
7.41798614990536, 15.5311769592573, 10.869269759615, 5.8008238924748, 
14.3793360660728, 10.1344072416925, 8.52391882846874, 10.348948516515, 
9.10502513891042, 7.00405467781219, 8.98472484738349, 9.47210535903514, 
5.26974133295643, 3.48581898949015, 4.33857327387714, 8.66906332972407, 
4.7493004603078, 4.68128490778294, 4.10759225588744, 12.4042584591181, 
9.05882259447594, 11.0935977787465, 3.64814006611357, 4.38019789309983, 
7.17967002225305, 9.23732926297963, 11.7204359900844, 3.8852788358332, 
4.1583036791567, 7.50340400681459, 4.80082193179665, 2.72546631471913, 
4.21895519140275, 7.79545334113417, 9.88100747894259, 9.16858496385475, 
6.51575537106118, 11.7323482748435, 11.420846693861, 8.91953615943838, 
8.28210461965356, 12.7224043895, 5.76404289278927, 6.20143953077039, 
6.96886202084779, 5.32922622427355, 12.6078401552279, 5.79688758110165, 
6.66929690807987, 8.52557680121285, 6.32183075445129, 7.04535373382972, 
7.74042653992853, 9.10488581915582, 5.51300257799661, 6.84702032758196, 
14.2408196329876, 5.87263997783863, 4.64200854522638, 14.1141782028871, 
5.70847497551396, 5.86599702738234, 8.39446102269276, 8.80163188704199, 
4.80788839275904, 3.81100841499759, 7.28070653922269, 5.82294254625876, 
6.34071435630118, 8.71110710464567, 9.83561590896474, 15.1487296339133, 
14.2222787011944, 11.9260594271585, 9.02699458933936, 12.5740967740753, 
11.8807431971443, 11.4613371686217, 17.2739385827445, 10.5728510228368, 
8.92365012480621, 8.40166978367877, 7.5640748410741, 10.7932567539183, 
6.51835087802161, 8.29719504829233, 11.1749542768643, 9.09857624397887, 
11.7640955503968, 6.62639994720455, 11.2061578465652, 6.45294243932115, 
5.39696561757984, 12.0936122787063, 7.29849359735934, 11.0958077591503, 
12.2270761902831, 11.8810815952882, 4.87239785353895, 8.48486463391027, 
11.6985320534649, 11.9492844550869, 7.28052325643467, 8.96326091908935, 
4.95660220637128, 4.20511583897866, 8.50308385102506, 5.30439169921152, 
26.0764835302995, 17.8184432740942, 2.59082489641798, 8.09682373540096, 
6.79648485425145, 7.17514813660753, 5.24843272341873, 3.82228101206112, 
8.46338137263764, 5.4045212372918, 4.38538412797432, 7.73860442738723, 
10.2317251552874, 8.09838788792575, 5.64894006720352, 8.49000502553781, 
5.25290134255393, 15.1623390415751, 8.3861974836413, 14.9854212484736, 
9.88499706496918, 6.36691689423633, 6.18986454668565, 8.76827273795875, 
13.409015686529, 9.76655487477097, 9.905746649714, 28.6120129911398, 
22.8572437547493, 7.75416404018677, 18.0518940027314, 6.97114073579231, 
11.2463323886492, 20.9140863616734, 26.759702586102, 21.8614242420733, 
31.3983238770253, 17.9129416522133, 22.7920978794878, 35.8492946958185, 
7.33138130725729, 9.82277805193236, 8.76579431396199, 32.0654830496758, 
44.8083489460779, 5.48147195006001, 8.74882451136017, 11.2595345139435, 
8.37202735385272, 21.4711433085724, 18.3232504410835, 12.4390725309831, 
11.5805021765323, 7.77622619754113, 9.59126172328547, 7.91017362839804, 
10.1963578438293, 6.53568279602062, 8.79824477313568, 10.6455557643592, 
12.6863022941699, 8.96667220116124, 10.1006135647025, 8.07043280159031, 
7.95283250420906, 7.22895269726018, 7.13097237985016, 28.4683704796324, 
29.7196860662751, 8.65043350440199, 7.53621172778214, 8.27814556658337, 
9.54534155632744, 8.77216052236985, 7.67764212278994, 9.50253590314618, 
7.50528264956715, 9.32385329461245, 8.06487165797718, 9.21432058785046, 
6.68914728154772, 8.64987801203901, 7.65992458242568, 6.40021563313734, 
9.37132972068218, 9.39268433511746, 9.79821939994664, 4.31692559293185, 
6.93841153747123, 9.75208257031488, 27.0341662742869, 11.0564371538385, 
62.1900447712865, 15.7783849217874, 9.23918527402402, 7.87349063953588, 
5.52792856710727, 4.55406490116003, 11.7521444901376, 20.071900650321, 
