structure(list(exp = structure(c(25.9980930646559, 41.7147589995995, 
46.5986731758633, 52.927947299801, 31.5007667120692, 40.9974595358478, 
56.1288121681626, 18.7383446758815, 58.9154021832541, 17.0081195476215, 
19.4851369346722, 13.2716244075298, 15.8792213219359, 14.5297008508524, 
29.2937639205393, 28.460199918847, 20.3927309627721, 21.4218752107972, 
54.4600638923762, 49.3627566067332, 42.7036452225611, 47.547887429282, 
39.4042506667327, 80.0140724082766, 84.6458729544678, 53.1519706762797, 
49.1800334697704, 80.4547542020703, 65.7304043552128, 61.3415139090864, 
47.2568320723779, 35.3079459425506, 53.5401743197517, 33.3350588090809, 
45.9056257661976, 65.8129801411391, 30.00793777898, 25.3390694510202, 
13.9777143397564, 28.2888176665937, 55.7742386393544, 24.8374747991035, 
20.1948537801083, 23.2409610989678, 17.9033505127391, 16.8469547624457, 
24.8508841108687, 15.5198211214706, 63.7202622211209, 50.7075864397504, 
33.9510066606675, 63.334566189253, 30.8969722168079, 55.3314940789839, 
30.9786851864137, 54.4186738943098, 32.6720523657678, 25.4897973129003, 
49.5626923063412, 44.1503109266457, 36.3339422346734, 36.4795860871651, 
87.8617911561797, 39.798399130703, 33.2028006820279, 66.116760034263, 
47.3340991992541, 21.5933637202303, 29.7420686444288, 44.8439589796887, 
26.815134458254, 26.8033241980024, 70.3779807219682, 57.5011972257725, 
20.3517601459643, 22.9798065441322, 27.0136973430679, 23.4327910137741, 
23.805327427763, 24.6426054864423, 25.0766462071067, 43.5066884747066, 
20.604035160982, 24.8542430842971, 17.6594087511431, 31.6131901064617, 
19.4220579517911, 16.3939914469806, 21.6281052107241, 21.7242420131013, 
36.5525803620731, 26.6504800637417, 30.7447055609863, 24.5102519922298, 
17.5891869058018, 25.0741488600934, 46.0453700638557, 40.0050691346285, 
17.3389799451183, 31.3998193387419, 32.7388265652857, 24.9703864263939, 
30.4508033805175, 20.2449582595626, 43.3664618146028, 18.1613003255215, 
17.2113099587528, 22.7677389966976, 13.1576577586646, 23.0424498881109, 
18.3148341185036, 10.3698680332438, 13.5994362449804, 29.6327460392709, 
14.434853046742, 19.0783134573054, 15.8218365913784, 15.4013900107447, 
32.4125574602066, 14.7701063461524, 26.5058771514642, 32.4462217786641, 
13.7532578856422, 16.9333062700643, 15.5200592741012, 16.3640782599121, 
15.0549523179176, 23.9486273761213, 12.9352441629987, 22.494121522745, 
9.20608567287655, 21.6142714522815, 24.3411308709804, 21.5004112767411, 
26.6730213863911, 27.8503448494492, 34.3373044034273, 17.6317267255392, 
19.9183827921748, 30.0969802099452, 26.3712622311883, 14.7108926117745, 
25.1128140132595, 17.3147033794357, 115.301261865187, 15.7485149481035, 
28.5699795120723, 59.5484973351518, 92.7163510718342, 27.0773934962981, 
61.4369671490258, 56.766136420193, 32.6396681081318, 35.0450946413071, 
27.9694014174151, 18.6152904051349, 34.0017668537518, 20.8936620621064, 
13.5234992359594, 14.9237108181336, 25.3290554053846, 27.4372365074887, 
27.898912297215, 32.6412412497882, 45.5308104748086, 39.8190391816493, 
28.0186850369615, 35.0659956494633, 34.2297143206054, 33.578930956036, 
56.0432496795103, 68.366032847865, 59.4575857997409, 33.9269044970107, 
34.3824165981953, 41.3751149869465, 31.0367063737043, 53.887145836865, 
19.0922851513817, 40.9549855155872, 54.2849396901262, 49.0112110099536, 
27.1617317199605, 22.1793768800939, 28.5618508222025, 37.9610089904014, 
39.8886522964296, 22.9417241020195, 22.1519094793346, 23.4429699575712, 
32.0740747760802, 24.2660755279831, 25.8630244302867, 16.0080023297155, 
27.2498998619314, 23.2971321958346, 21.2628668297733, 23.3993015241103, 
18.9491883264893, 20.6286004989592, 17.5978972623852, 20.1806453248722, 
26.1406254635132, 18.771238249081, 33.4976863542636, 33.8864952485316, 
23.55144036007, 24.72582590129, 29.3752979873539, 15.5664242392532, 
22.9573909208047, 15.0218113966993, 24.840468712166, 25.8069516813345, 
29.0630185603265, 19.5762235313285, 86.3978204752853, 44.4263999661609, 
27.0135749713196, 27.6304666383113, 25.2707689737429, 12.668600015748, 
26.6043099038406, 19.022580914878, 17.9540838484078, 21.4925116906391, 
16.0775865115581, 10.4088734938553, 28.0639510422937, 30.8162095353767, 
18.5449653747634, 38.8279423981433, 27.1731743990376, 14.502059731187, 
35.948340165182, 25.3360181042313, 21.3097970711719, 25.8723712912874, 
22.762562847276, 17.5101366945305, 22.4618121184587, 23.6802633975879, 
13.1743533323911, 8.71454747372539, 10.8464331846929, 21.6726583243102, 
11.8732511507695, 11.7032122694573, 10.2689806397186, 31.0106461477952, 
22.6470564861898, 27.7339944468662, 9.12035016528393, 10.9504947327496, 
17.9491750556326, 23.0933231574491, 29.301089975211, 9.71319708958301, 
10.3957591978917, 18.7585100170365, 12.0020548294916, 6.81366578679784, 
10.5473879785069, 19.4886333528354, 24.7025186973565, 22.9214624096369, 
16.289388427653, 29.3308706871088, 28.5521167346524, 22.2988403985959, 
20.7052615491339, 31.80601097375, 14.4101072319732, 15.503598826926, 
17.4221550521195, 13.3230655606839, 31.5196003880697, 14.4922189527541, 
16.6732422701997, 21.3139420030321, 15.8045768861282, 17.6133843345743, 
19.3510663498213, 22.7622145478896, 13.7825064449915, 17.1175508189549, 
35.6020490824691, 14.6815999445966, 11.605021363066, 35.2854455072178, 
14.2711874387849, 14.6649925684558, 20.9861525567319, 22.004079717605, 
12.0197209818976, 9.52752103749397, 18.2017663480567, 14.5573563656469, 
15.851785890753, 21.7777677616142, 24.5890397724118, 75.7436481695665, 
71.1113935059719, 59.6302971357924, 22.5674864733484, 62.8704838703765, 
59.4037159857213, 57.3066858431083, 86.3696929137225, 26.432127557092, 
44.618250624031, 42.0083489183938, 37.8203742053705, 53.9662837695917, 
16.295877195054, 20.7429876207308, 27.9373856921608, 22.7464406099472, 
29.410238875992, 16.5659998680114, 28.0153946164131, 16.1323560983029, 
13.4924140439496, 30.2340306967657, 18.2462339933984, 27.7395193978757, 
30.5676904757078, 29.7027039882205, 12.1809946338474, 21.2121615847757, 
29.2463301336621, 29.8732111377173, 18.2013081410867, 22.4081522977234, 
12.3915055159282, 10.5127895974467, 21.2577096275627, 13.2609792480288, 
130.382417651497, 44.5461081852356, 6.47706224104496, 20.2420593385024, 
33.9824242712573, 17.9378703415188, 13.1210818085468, 9.55570253015279, 
21.1584534315941, 27.022606186459, 10.9634603199358, 19.3465110684681, 
25.5793128882185, 20.2459697198144, 14.1223501680088, 21.2250125638445, 
13.1322533563848, 37.9058476039378, 20.9654937091032, 37.4635531211841, 
24.712492662423, 15.9172922355908, 15.4746613667141, 21.9206818448969, 
33.5225392163226, 24.4163871869274, 24.764366624285, 23.8433441592832, 
19.0477031289577, 19.3854101004669, 15.0432450022761, 17.4278518394808, 
28.1158309716231, 17.4284053013945, 22.299752155085, 18.217853535061, 
26.1652698975211, 14.9274513768444, 18.9934148995732, 29.8744122465154, 
18.3284532681432, 24.5569451298309, 7.30482859496833, 26.7212358747298, 
37.3402907883983, 13.70367987515, 21.8720612784004, 28.1488362848589, 
20.9300683846318, 17.8926194238103, 15.2693753675696, 10.3658937758192, 
28.9512554413307, 19.4405654938528, 23.9781543082137, 19.7754340709951, 
25.4908946095731, 16.3392069900516, 21.9956119328392, 26.6138894108979, 
31.7157557354247, 22.4166805029031, 25.2515339117563, 20.1760820039758, 
19.8820812605227, 18.0723817431504, 17.8274309496254, 47.4472841327207, 
49.5328101104585, 43.2521675220099, 37.6810586389107, 41.3907278329168, 
47.7267077816372, 21.9304013059246, 38.3882106139497, 23.7563397578654, 
18.7632066239179, 23.3096332365311, 40.3243582898859, 46.0716029392523, 
33.4457364077386, 43.2493900601951, 19.1498114560642, 32.0010781656867, 
46.8566486034109, 46.9634216755873, 48.9910969997332, 10.7923139823296, 
17.3460288436781, 24.3802064257872, 22.5284718952391, 9.21369762819872, 
51.8250373094055, 13.1486541014895, 23.09796318506, 19.6837265988397, 
13.8198214177682, 11.3851622529001, 9.79345374178135, 16.7265838752675, 
