structure(list(exp = structure(c(0.0010355975907492, 0.001661648945222, 
0.00185619281972027, 0.00210831058149765, 0.00125478888134765, 
0.0016330763266588, 0.00223581254626657, 0.00149283138211029, 
0.0023468124530235, 0.00135498919731438, 0.0015523262275261, 
0.00105731310581783, 0.00126505304085755, 0.00115754052868635, 
0.00233375203824688, 0.00226734433136307, 0.00162463169904981, 
0.00170662073579474, 0.00216934029810309, 0.00196629620824649, 
0.00170103984160341, 0.00189400343881069, 0.00156961308486208, 
0.00318724840341055, 0.0033717496848906, 0.00211723423864342, 
0.00195901768824341, 0.00320480234487868, 0.00261827851065623, 
0.00244345321247889, 0.00188240965669618, 0.00140644252874523, 
0.0021326977865621, 0.00132785533555532, 0.00182858624773286, 
0.00262156780132639, 0.00119532413358083, 0.00201869261795802, 
0.00111356531099669, 0.00112684539392219, 0.00333253291022968, 
0.00296809796760215, 0.0016088673787113, 0.00185154220818661, 
0.0014263097382736, 0.0013421496507502, 0.00197980026067299, 
0.00185463095184896, 0.00253820731674397, 0.00201986561934047, 
0.00135239075473179, 0.00252284365601814, 0.00123073757408272, 
0.00220405249793685, 0.00123399249567432, 0.00216769158555436, 
0.00130144540334842, 0.00101535034205304, 0.0019742603665524, 
0.00175866574185862, 0.00144731165270742, 0.00145311317139469, 
0.00349985127809041, 0.00158531343637133, 0.00132258701847559, 
0.00263366844750281, 0.00188548748437523, 0.00172028274452503, 
0.00236946721865083, 0.00357259247926586, 0.00213628657852113, 
0.00213534568820026, 0.00280340819983247, 0.0022904795811028, 
0.00162136766894794, 0.00183073675702307, 0.00215210552682738, 
0.00186682475965013, 0.00189650369124206, 0.00196320728663262, 
0.00199778609389277, 0.00346605588754773, 0.00164146571207047, 
0.00198006786066821, 0.00140687558208656, 0.00251853421931595, 
0.00154730090181962, 0.00130606333341709, 0.00172305050166514, 
0.00173070945116398, 0.00291204159201132, 0.00212316902456522, 
0.00244934449061851, 0.00195266305483894, 0.00140128120455491, 
0.00199758713725824, 0.00366830553184771, 0.00318709169249794, 
0.00138134791752281, 0.00250153556849665, 0.0026082105199522, 
0.00198932067509255, 0.00242593012793794, 0.00161285906210742, 
0.00345488442270213, 0.00144685987662316, 0.00137117680766777, 
0.00181384193010995, 0.00104823370244028, 0.00183572737659963, 
0.00145909148343489, 0.00082613831136823, 0.00108342895579488, 
0.00236075779321456, 0.00114998427006536, 0.00151991574172828, 
0.00126048136026825, 0.00122698556002935, 0.0025822175751377, 
0.00117669296045251, 0.00211164891597898, 0.00258489951700183, 
0.00109568349462419, 0.00134902903325145, 0.00123643960751833, 
0.00130368023367338, 0.00119938584037729, 0.00190791999634608, 
0.00103051463487262, 0.00179204359312365, 0.000733423033708792, 
0.00172194840491685, 0.00193918964928761, 0.00171287748397056, 
0.00212496482853976, 0.00221875888788429, 0.00273555676753494, 
0.00140467023272104, 0.00158684171026677, 0.00239774202798118, 
0.00210092452271137, 0.00117197556825698, 0.00200066748160236, 
0.00137941387160105, 0.00459286412664862, 0.00125464003052638, 
0.00227609016375738, 0.00237203091086922, 0.00369322586676876, 
0.00107859001038258, 0.00244725545847688, 0.00226119946438735, 
0.00130015542184468, 0.00279194443129791, 0.00222824379084557, 
0.00148302799337714, 0.00270882543172614, 0.00166453947523261, 
0.00107737926719692, 0.00118893019806193, 0.00201789482701942, 
0.00218584770454567, 0.0022226281202753, 0.00260043617147437, 
0.0018136560060504, 0.00158613560386568, 0.00111608503931718, 
0.00139680477800793, 0.00136349268364778, 0.00133756964064722, 
0.00223240428448036, 0.00272326507679831, 0.00236840957730415, 
0.00135143067883112, 0.00136957536480369, 0.00164811970212171, 
0.00123630368833069, 0.00214651891053021, 0.000760514413710879, 
0.00163138443360565, 0.00216236447101143, 0.00195229288222723, 
0.00108194950528921, 0.000883484384959365, 0.00113772128691326, 
0.00151212357595231, 0.00158890854470298, 0.000913851417817391, 
0.000882390259556408, 0.00186763568756292, 0.00255525160872471, 
0.00193321020054977, 0.0020604346421011, 0.00127531266267359, 
0.00217092311924507, 0.00185601720198253, 0.00169395298390327, 
0.00186415674590582, 0.00150962870459476, 0.00164342276367127, 
0.00140197513424197, 0.00160773543092003, 0.00208255033808572, 
0.00149545192086071, 0.00266866675166331, 0.0026996420661346, 
0.00187627722040273, 0.00196983722375171, 0.00234024762874632, 
0.00124013337429477, 0.00182895096716107, 0.00119674559610371, 
0.00197897049506085, 0.00205596748340779, 0.00231536920235821, 
0.00155958284129482, 0.00688307211668733, 0.00353932672340218, 
0.0021520957778133, 0.00220124180729331, 0.00201325131043293, 
0.00100927184327299, 0.00211949077737692, 0.00151547568633493, 
0.00143035152088116, 0.00171224814609452, 0.00128085623934217, 
0.000829245767052372, 0.0022357762943632, 0.00245504101177669, 
0.00147742539538344, 0.00309331330580789, 0.00216481061673772, 
0.00115533843818226, 0.00286390346968227, 0.00302767428857199, 
0.00254653767698005, 0.00206117928031047, 0.00181342956079832, 
0.00139498349586241, 0.00178946959347266, 0.00188654019061018, 
0.00104956379198833, 0.000694263563547945, 0.000864104920799798, 
0.00172659992330736, 0.000945908629184288, 0.00139854316239293, 
0.00122715134338837, 0.00370579684729555, 0.00180422749286514, 
0.00331423436629734, 0.000726592726202485, 0.000872395212567672, 
0.00142996045112395, 0.00183978030733029, 0.00233433568448192, 
0.000773823178448375, 0.000828200987862572, 0.0014944378983009, 
0.00143425508569613, 0.000814238473809945, 0.000840280827680266, 
0.00155260477735797, 0.00196798040416262, 0.00182608864341201, 
0.00129772990415123, 0.00233670823030022, 0.00227466708636366, 
0.00177648609348823, 0.00164953013459789, 0.0025338957171853, 
0.00114801284038458, 0.00123512824984337, 0.00138797424509279, 
0.00106141127825988, 0.00251107818885675, 0.0011545544509559, 
0.00132831046354477, 0.00169802199975319, 0.00125910632794341, 
0.00140320894586092, 0.0015416451999356, 0.00181340181276275, 
0.00109801364534099, 0.00136370727988017, 0.00283631543004694, 
0.00116964190359314, 0.000924539514055563, 0.0028110925108938, 
0.00113694548996196, 0.00116831884049945, 0.00167190793361632, 
0.00175300333647811, 0.000957577469960914, 0.000759030887973451, 
0.00145008369118067, 0.00115974376601002, 0.00126286733697814, 
0.00173497369747351, 0.00195893985638235, 0.00301714204052898, 
0.0028326226699188, 0.00237528929125337, 0.00179788837303896, 
0.00250435758743832, 0.00236626374878227, 0.00228273149285805, 
0.00344041563636057, 0.00210577349257307, 0.00177730546370372, 
0.00167334368805624, 0.00150652158644519, 0.00214967125913766, 
0.00194737026908549, 0.00165253566494637, 0.00222569318777965, 
0.00181214514735355, 0.00234303127137751, 0.00131976676204665, 
0.00223190794005488, 0.00128521957875619, 0.00107490279710558, 
0.0024086604560066, 0.0014536263038075, 0.00220992973488774, 
0.00243524219508592, 0.0023663311468606, 0.000970425689635731, 
0.00168991343920072, 0.00232997312144034, 0.00237991497339628, 
0.00145004718711608, 0.00178519466600507, 0.000987196501384671, 
0.000837524471667487, 0.00169354212406281, 0.00105646503580708, 
0.0051936008252663, 0.00354886354158021, 0.000516009388479168, 
0.0016126281131945, 0.00135364223120559, 0.00142905983624644, 
0.00104531979904536, 0.000761276028478843, 0.00252845199183397, 
0.00161461145205143, 0.00131014221681919, 0.0023119234401633, 
0.0020378321390096, 0.00161293964230977, 0.00112508804190636, 
0.0016909372406718, 0.00104620980493903, 0.00301985259890553, 
0.00167026210114863, 0.00298461623756146, 0.00196877500199465, 
0.00126808604380592, 0.00123282288352259, 0.00174635926178884, 
0.00267064670950156, 0.00194518510897687, 0.00197290765509297, 
0.00189953237765168, 0.00151747710269347, 0.00154438127025718, 
0.00119845315136488, 0.00138842809216932, 0.0022399094228729, 
0.0013884721849282, 0.00177655873057135, 0.00145136531226436, 
