structure(list(exp = structure(c(0.00103586669447088, 0.00166208073061748, 
0.0018566751580343, 0.00210885843350986, 0.00125511494270672, 
0.0024502510310364, 0.00335459029517754, 0.00149321929966084, 
0.00234742228059632, 0.00135534129608236, 0.00155272960502409, 
0.00105758785239343, 0.00126538176939502, 0.00115784131971469, 
0.00233435847202442, 0.0022679335088615, 0.00162505386538206, 
0.00170706420727015, 0.00216990400890448, 0.0019668071573181, 
0.00170148186286358, 0.00284174340352311, 0.00157002095441151, 
0.00318807662125784, 0.00337262584605289, 0.00211778440949972, 
0.00195952674596569, 0.00320563512418017, 0.00261895887965081, 
0.00244408815249719, 0.00188289880754866, 0.00140680799784461, 
0.00213325197567639, 0.00132820038349271, 0.00182906141238085, 
0.00262224902505486, 0.00119563474281345, 0.00201921718242328, 
0.00111385467490812, 0.00112713820871045, 0.00222226592051561, 
0.00197924615895221, 0.00160928544862877, 0.00185202333802268, 
0.00142668036993813, 0.00134249841311629, 0.00198031471882072, 
0.00123674192287071, 0.00253886687895368, 0.00202039048861432, 
0.00135274217828522, 0.0025234992259259, 0.00123105738562395, 
0.00220462522882698, 0.00123431315301852, 0.00216825486793193, 
0.00130178358857088, 0.00101561418445504, 0.00197477338513891, 
0.00175912273741418, 0.0014476877417942, 0.00145349076802675, 
0.00350076072690785, 0.00158572538571301, 0.00132293069742202, 
0.00263435281562729, 0.0018859774350122, 0.00172072976612206, 
0.00237008293314518, 0.00357352083014345, 0.00213684170019579, 
0.00213590056538123, 0.00280413667543603, 0.00229107477037826, 
0.00162178898711034, 0.00183121248048856, 0.00215266475911209, 
0.00186730986071162, 0.0018969965044796, 0.00196371743303696, 
0.00199830522572331, 0.0034669565545126, 0.00164189225278095, 
0.00198058238835275, 0.00140724116371639, 0.00251918866940124, 
0.00154770297346884, 0.00130640271862512, 0.00258524736371057, 
0.00173115918217785, 0.00291279829638867, 0.00212372073759677, 
0.00244998096150641, 0.0019531704612871, 0.00140164533246582, 
0.00199810621738918, 0.00366925875410286, 0.00318791986962334, 
0.0013817068656981, 0.00250218560142199, 0.00260888827274354, 
0.00198983760715387, 0.00242656051452033, 0.00241991725391706, 
0.00345578218672207, 0.00144723584831431, 0.00137153311284395, 
0.00181431326339451, 0.00104850608970058, 0.00183620439689539, 
0.00145947063355263, 0.000826352986350285, 0.00108371048866709, 
0.0023613712445337, 0.00115028309757298, 0.00152031069724612, 
0.00126080890083824, 0.00122730439659637, 0.00258288857356978, 
0.00117699872830844, 0.0021121976354693, 0.00258557121234605, 
0.00109596821188195, 0.00134937958324958, 0.00123676090075325, 
0.00130401899962445, 0.00119969750505887, 0.00190841577615116, 
0.00103078241777011, 0.00179250926203272, 0.000733613616295791, 
0.00172239585934166, 0.00193969355462335, 0.00171332258128426, 
0.00212551700821737, 0.00221933544028222, 0.00273626761170219, 
0.00140503524128299, 0.00158725405673586, 0.00239836508978541, 
0.00210147045542991, 0.00117228011028175, 0.00200118736217175, 
0.00137977231720762, 0.00459405759874694, 0.00125496605320604, 
0.0022766816138915, 0.00237264729154812, 0.00369418556466167, 
0.00107887028583759, 0.00244789138652235, 0.00226178704512021, 
0.00130049327186085, 0.00279266992800039, 0.00222882280792931, 
0.00148341336348222, 0.00270952932966059, 0.00166497201174261, 
0.00107765922803601, 0.00118923914580763, 0.00201841918417587, 
0.00218641570485541, 0.00222320567810704, 0.00260111190407358, 
0.00181412729102193, 0.00158654776685051, 0.00111637505798898, 
0.00139716774270346, 0.00136384699207697, 0.00133791721288137, 
0.00223298438268318, 0.00272397272692596, 0.00236902501696663, 
0.00135178185290541, 0.00136993125383924, 0.00164854797189519, 
0.00123662494624653, 0.00214707669111278, 0.000760712036089444, 
0.00163180835466002, 0.00216292636911931, 0.00195280019248471, 
0.00108223065372094, 0.00088371396152285, 0.00113801692784105, 
0.00151251650664814, 0.00158932142824637, 0.0009140888853625, 
0.000882619551807511, 0.00186812099934691, 0.00255591559995439, 
0.00193371255210446, 0.00206097005337998, 0.00127564405721032, 
0.00217148724134818, 0.00185649949466167, 0.00169439316361824, 
0.00279696173051164, 0.00151002098698937, 0.00164384981292858, 
0.00140233944247298, 0.00160815320669684, 0.00208309149620695, 
0.00149584051936759, 0.00266936021422175, 0.0027003435777388, 
0.0018767647777198, 0.00197034909296882, 0.00234085575042618, 
0.00124045562736815, 0.00182942622658271, 0.00119705657470842, 
0.00197948473759102, 0.00205650173387957, 0.00231597085929038, 
0.00155998810444975, 0.0068848607074872, 0.00354024643005465, 
0.00215265500756469, 0.00220181380781547, 0.00201377446095505, 
0.00100953410615544, 0.00212004153460284, 0.00151586948808857, 
0.00143072320281729, 0.00171269307987253, 0.00128118907439704, 
0.000829461249517852, 0.0022363572687948, 0.0024556789629259, 
0.00147780930963348, 0.00309411711428557, 0.00216537315048529, 
0.00115563865698953, 0.00286464766519711, 0.00201897402701154, 
0.00169813293590902, 0.00206171488508624, 0.00181390078692724, 
0.00139534598729129, 0.00178993459351876, 0.0018870304147966, 
0.00104983652487714, 0.000694443970407178, 0.000864329461540511, 
0.00172704858644579, 0.000946154426909924, 0.000932604385875891, 
0.000818313482023192, 0.00247117320786835, 0.00180469632780394, 
0.00221006372126619, 0.000726781533909757, 0.000872621907570223, 
0.0014303320314392, 0.00184025838079453, 0.00233494226992201, 
0.000774024259156848, 0.00082841619883846, 0.00149482623331041, 
0.000956418521324984, 0.000542966704384557, 0.000840499177645546, 
0.00155300822723813, 0.00196849179087855, 0.00182656315904863, 
0.00129806712388799, 0.00233731543225479, 0.00227525816670605, 
0.00177694771972562, 0.00164995877087728, 0.00253455415901051, 
0.00114831115560918, 0.00123544920231733, 0.0013883349151429, 
0.00106168708976018, 0.00251173070146597, 0.0011548544660413, 
0.00132865562974878, 0.00169846323681642, 0.00125943351120635, 
0.00140357357470227, 0.00154204580193054, 0.00181387303168125, 
0.00109829896809672, 0.00136406164407296, 0.00283705245671144, 
0.00116994583920683, 0.00092477975894054, 0.00281182298329294, 
0.00113724092929614, 0.0011686224323105, 0.00167234238484647, 
0.00175345886063747, 0.000957826299876379, 0.00075922812485257, 
0.00145046050059152, 0.00116004512955742, 0.00126319549755268, 
0.00173542453656698, 0.00195944889387974, 0.00301792605563214, 
0.00283335873700644, 0.00237590651863402, 0.0017983555607349, 
0.003757512530513, 0.00236687863084356, 0.00228332466876518, 
0.0051619644609223, 0.00210632068531369, 0.00177776730285738, 
0.00167377851237229, 0.00150691306144409, 0.00215022985886924, 
0.00129858420012294, 0.00165296508222352, 0.0022262715420801, 
0.00181261603972307, 0.00234364011639682, 0.00132010970813941, 
0.00223248790928084, 0.00128555354764035, 0.00161277317163764, 
0.00361392953250485, 0.00145400403377885, 0.00221050399299882, 
0.00243587500144212, 0.00355041906965328, 0.000970677858206831, 
0.00169035256922561, 0.00233057857325289, 0.0023805334027769, 
0.00145042398704122, 0.00178565855519604, 0.000987453027910924, 
0.000837742105383841, 0.00169398219701439, 0.00105673956200867, 
0.00519495040093495, 0.00354978572640885, 0.000516143475356253, 
0.00161304716035222, 0.00135399397995963, 0.00142943118253372, 
0.00104559142911748, 0.000761473848765717, 0.00168607267939184, 
0.00107668734305787, 0.000873655107959733, 0.0015416828011346, 
0.00203836167694756, 0.00161335877041944, 0.00112538040004044, 
0.00169137663673515, 0.00104648166628236, 0.00302063731835693, 
0.00167069612470335, 0.00298539180071889, 0.00196928659518965, 
0.00126841556048001, 0.00123314323693891, 0.00174681305946173, 
0.0026713406865591, 0.00194569057225416, 0.00197342032217259, 
0.00190002597790417, 0.00151787142452229, 0.00154478258322974, 
0.00119876457368391, 0.00138878888015321, 0.00224049147131266, 
0.00138883298436975, 0.00177702037568374, 0.001451742454709, 
