structure(list(exp = structure(c(0.00155413712686575, 0.0024936619596793, 
0.00278561692448694, 0.00210931593438654, 0.00125538723039445, 
0.0016338550629689, 0.00223687869876903, 0.00149354324228677, 
0.0023479315360941, 0.00135563532711892, 0.00155306645796038, 
0.00105781728807386, 0.0012656562843931, 0.00115809250462611, 
0.0023348648934278, 0.00226842551987185, 0.00162540640851926, 
0.00170743454193034, 0.00217037475315673, 0.0019672338412455, 
0.00170185098647641, 0.00189490659883156, 0.00157036155857518, 
0.00318876825035251, 0.00337335751170514, 0.00211824384679933, 
0.00195995185046294, 0.00320633056245915, 0.00261952704295868, 
0.00244461837892428, 0.00188330728819461, 0.0014071131941926, 
0.00213371476854743, 0.00132848852651369, 0.00182945821341138, 
0.00262281790213488, 0.00119589412672198, 0.00201965523630897, 
0.00111409631724985, 0.00112738273281431, 0.0022227480242883, 
0.00197967554142687, 0.00160963457092729, 0.00185242512046919, 
0.00142698987744684, 0.00134278965798659, 0.00198074433311135, 
0.00123701022467084, 0.00253941766690817, 0.00202082879703991, 
0.00135303564546284, 0.00252404667998437, 0.00123132445420675, 
0.00220510350558511, 0.00123458092791542, 0.00216872525441552, 
0.00130206600066813, 0.00101583451426589, 0.00197520179727914, 
0.0017595043657785, 0.00144800180669324, 0.00145380609184842, 
0.00350152019045275, 0.00158606939683419, 0.00132321769722449, 
0.00263492431853306, 0.00188638658354308, 0.00172110306542182, 
0.00237059710470002, 0.00357429607844208, 0.00213730527183039, 
0.00213636393284375, 0.00280474501166522, 0.00229157180171015, 
0.00162214082195691, 0.00183160974817704, 0.00215313176343956, 
0.00186771495945354, 0.00189740804351421, 0.00196414344667205, 
0.00199873874291826, 0.00346770868449814, 0.00164224844887885, 
0.00198101206071226, 0.00140754645403644, 0.00251973518831709, 
0.00154803873591545, 0.00130668613280768, 0.00172387214237346, 
0.0017315347440605, 0.00291343020593414, 0.00212418146273784, 
0.00245051246633382, 0.00195359418683649, 0.00140194940881262, 
0.00199853969141078, 0.00367005477201951, 0.00318861146471192, 
0.00138200661654544, 0.00250272843165093, 0.00260945425130947, 
0.00199026928736305, 0.00242708693845902, 0.00161362815776709, 
0.00345653189251309, 0.00144754981517849, 0.0013718306565726, 
0.00181470686492573, 0.00104873355516133, 0.00183660274754235, 
0.00145978725466087, 0.000826532257376587, 0.00108394559145576, 
0.00236188352615363, 0.00115053264278531, 0.00152064051714572, 
0.0012610824237871, 0.00122757065099661, 0.00258344891169774, 
0.00117725406927467, 0.00211265586076057, 0.00258613213245219, 
0.00109620597389091, 0.00134967232093766, 0.00123702920667049, 
0.00130430189667721, 0.00119995777035293, 0.00190882979251033, 
0.00103100603821438, 0.00268934720002631, 0.000733772768217639, 
0.00172276952008774, 0.00194011435645985, 0.00171369427365133, 
0.00212597812304575, 0.00221981690830939, 0.00273686122425166, 
0.00140534005304485, 0.00238139759923599, 0.0023988853969401, 
0.00315288953031098, 0.0011725344275795, 0.00200162150462439, 
0.00138007164836931, 0.00459505424477378, 0.00125523830859332, 
0.00227717552273702, 0.00237316201942112, 0.00369498699026122, 
0.00107910433858089, 0.00244842243803228, 0.00226227772270177, 
0.00130077540403365, 0.0027932757766055, 0.00222930633416909, 
0.00148373517878451, 0.00271011714154213, 0.00166533321481955, 
0.00107789301804949, 0.0011894971422398, 0.00201885706494187, 
0.00218689003119513, 0.00222368798575302, 0.00260167619561518, 
0.00181452085220785, 0.00158689195638106, 0.00111661724710875, 
0.00139747084767106, 0.0013641428683599, 0.00133820746389495, 
0.00223346881174511, 0.00272456367219322, 0.00236953895901457, 
0.0013520751117477, 0.00137022845005671, 0.00164890561190099, 
0.00123689322266947, 0.0021475424831512, 0.000760877066808377, 
0.00163216236313254, 0.00216339559962542, 0.0019532238377071, 
0.00108246543547062, 0.00088390567657859, 0.00113826381200069, 
0.00151284463565708, 0.00158966621950176, 0.000914287190028081, 
0.000882811029439346, 0.00186852627405922, 0.00255647008649987, 
0.00193413205640773, 0.00206141716523502, 0.00127592079853407, 
0.00217195832907072, 0.00185690224817649, 0.00169476074939141, 
0.00186504567346055, 0.00151034857461421, 0.00164420643370435, 
0.0014026436694017, 0.00160850208336405, 0.00208354340714159, 
0.00149616503064729, 0.00266993931171771, 0.00270092939684098, 
0.00187717192763441, 0.00197077654529234, 0.00234136358136494, 
0.00124072473482837, 0.00182982310675692, 0.00119731626707262, 
0.00197991417182351, 0.00205694787636652, 0.00231647329164035, 
0.00156032653206255, 0.006886354325911, 0.00354101445972401, 
0.00215312200977664, 0.00220229147465709, 0.00201421133408351, 
0.00100975311693931, 0.00212050146156866, 0.00151619834450146, 
0.001431033587388, 0.00171306463567403, 0.00128146701867031, 
0.000829641194858323, 0.00223684242957884, 0.0024562117038916, 
0.00147812990917871, 0.00309478835957631, 0.00216584291180209, 
0.00115588936404995, 0.00286526912882757, 0.0020194120281465, 
0.00169850133299749, 0.00206216215852688, 0.00181429429897482, 
0.00139564869704284, 0.00179032290628206, 0.00188743979176348, 
0.0015750964184486, 0.0010418919371562, 0.00129677545691353, 
0.0017274232565658, 0.000946359687952062, 0.00139921006100877, 
0.000818491008939875, 0.00247170931019321, 0.00180508784301378, 
0.00221054317786409, 0.000726939203663038, 0.000872811216288806, 
0.00143064233114824, 0.00184065761092262, 0.00233544881797593, 
0.00116128826679274, 0.00124289387619464, 0.00149515052454843, 
0.000956626009084723, 0.000543084496901738, 0.000840681517580986, 
0.0015533451406194, 0.00196891884027444, 0.00182695941810201, 
0.00129834872972636, 0.00233782249514831, 0.00227575176674548, 
0.00177733321508494, 0.00165031671694524, 0.00253510401135304, 
0.00114856027302363, 0.00123571722367153, 0.00138863610389541, 
0.00106191741473914, 0.00251227560243212, 0.00115510500297743, 
0.00132894387153199, 0.00169883170556117, 0.00125970673577484, 
0.00140387806936664, 0.00154238033709661, 0.00181426653770754, 
0.00109853723574559, 0.00136435756692301, 0.00283766793377026, 
0.00117019965010215, 0.000924980382910231, 0.00281243298700845, 
0.00113748764510878, 0.0011688759561027, 0.00167270518687007, 
0.00175383926026658, 0.000958034093043021, 0.000759392833648191, 
0.0014507751670196, 0.00116029679256871, 0.00126346953825563, 
0.00173580102378597, 0.00195987398148757, 0.00301858077184934, 
0.00283397341274072, 0.00237642195357166, 0.00179874570036331, 
0.00250555179627901, 0.00236739210724927, 0.00228382001877119, 
0.00344205620669653, 0.0021067776356451, 0.00177815297601905, 
0.00167414162595289, 0.001507239974828, 0.00215069633496354, 
0.00129886591813709, 0.00165332368048797, 0.00222675451484206, 
0.00181300927305447, 0.00234414855138271, 0.0013203960959496, 
0.00223297223063662, 0.00128583243875305, 0.00107541536704752, 
0.00240980903144375, 0.00145431946894964, 0.00221098354511035, 
0.00243640344608825, 0.00236745953746654, 0.000970888439421788, 
0.00169071927842241, 0.00233108417463584, 0.00238104984148205, 
0.00145073864554796, 0.00178604594030519, 0.000987667248371989, 
0.000837923847193321, 0.00169434969363147, 0.00105696881365893, 
0.0051960774061075, 0.00355055582555635, 0.000516255448776903, 
0.00161339709872563, 0.00135428771870615, 0.0014297412868104, 
0.00104581826226468, 0.000761639044754144, 0.00168643846009894, 
0.00107692092222826, 0.000873844640823321, 0.00154201725755039, 
0.00203880388408644, 0.0016137087763943, 0.00112562454280102, 
0.00169174356809564, 0.00104670869255977, 0.00302129262276206, 
0.00167105856958328, 0.00298603945887572, 0.00196971381701233, 
0.00126869073363611, 0.00123341075803137, 0.00174719201733458, 
0.00267192021370354, 0.00194611267509825, 0.00197384844077605, 
0.00190043817416011, 0.00151820071524013, 0.00154511771211979, 
0.00119902463658556, 0.00138909016738999, 0.00224097752898065, 
0.0013891342811746, 0.00177740588680522, 0.00145205739924733, 
