structure(list(exp = structure(c(0.00204805203636432, 0.00328616398530103, 
0.00367090414102129, 0.00416950543173908, 0.00124076810655391, 
0.00161482863914943, 0.00221082999768155, 0.0014761507652155, 
0.0023205896123719, 0.00133984880304894, 0.00153498082642629, 
0.00104549888817254, 0.00125091757627728, 0.00114460638868193, 
0.00230767513221187, 0.00224200945254604, 0.00160647837021996, 
0.00168755127689963, 0.00214510049790816, 0.00194432518449626, 
0.0016820327425696, 0.00187284020085977, 0.001552074523672, 0.00315163468962953, 
0.00333407438851569, 0.0020935766617499, 0.0019371279933058, 
0.00316899248665956, 0.00258902235936983, 0.00241615052617009, 
0.00186137596548452, 0.00139072720463852, 0.00210886742289457, 
0.00131301812995426, 0.00180815396916273, 0.00259227489612513, 
0.00118196780668666, 0.00199613612658732, 0.00110112254179807, 
0.00111425423557643, 0.00219686387647584, 0.00195662199969606, 
0.00159089019742987, 0.00183085342403497, 0.00141037242170687, 
0.00132715272316151, 0.00195767834518258, 0.00122260510310465, 
0.00250984586590798, 0.0019972960210731, 0.00133727939497471, 
0.00249465387583547, 0.00121698554406961, 0.00217942483015424, 
0.00122020409577997, 0.00214347020776314, 0.00128690329735917, 
0.00100400500843215, 0.00195220035279622, 0.00173901474186125, 
0.00143113966470162, 0.00143687635831099, 0.00346074459862335, 
0.00156759944240847, 0.00130780868005801, 0.00260424033195866, 
0.00186441940209637, 0.00170106062891572, 0.00234299123791201, 
0.00706534600661529, 0.0042248322287354, 0.00211148573737819, 
0.00277208344424287, 0.00226488619335951, 0.00160325081177611, 
0.00181028044906689, 0.00212805830472289, 0.00184596521114479, 
0.00187531251594105, 0.00194127077791114, 0.00197546320808712, 
0.0034273268314139, 0.00162312428314749, 0.00195794295506582, 
0.00139115541912332, 0.00249039259196791, 0.00153001165276343, 
0.0012914696275464, 0.00170379745965847, 0.00171137082949712, 
0.00287950298734363, 0.00209944513349081, 0.00242197597627659, 
0.00193084436537897, 0.00138562355211328, 0.00197526647455657, 
0.00362731657625431, 0.00315147972977516, 0.00136591299587879, 
0.00247358388087351, 0.00257906686649901, 0.00196709238028328, 
0.00239882324127775, 0.00159483727850701, 0.00341628019441388, 
0.0014306929366783, 0.00135585553609094, 0.00179357440176988, 
0.00103652093633947, 0.00181521530439959, 0.00144278786981765, 
0.000816907197366221, 0.00107132292455726, 0.00233437912995635, 
0.00113713456227259, 0.00150293248929673, 0.00124639697878645, 
0.0012132754543151, 0.00255336436195769, 0.00116354481478026, 
0.00208805374842969, 0.0025560163363082, 0.00108344053347614, 
0.00133395523673748, 0.0012226238640568, 0.0012891131561107, 
0.00118598412873583, 0.00188660125740052, 0.00101899985829787, 
0.00177201963529836, 0.000725227902769213, 0.00170270767753182, 
0.00191752150912541, 0.00169373811334893, 0.00210122087148973, 
0.00219396689366832, 0.00270499017107936, 0.00138897471191654, 
0.00156911063965905, 0.00237095010984456, 0.00207744918751399, 
0.00115888013383725, 0.00197831239971274, 0.00136400056062215, 
0.00454154432733002, 0.0012406209189637, 0.00225065756065525, 
0.00234552628391607, 0.00365195845604325, 0.00106653804861025, 
0.00241991028658693, 0.00223593324715737, 0.00128562772986596, 
0.00276074776970029, 0.00220334581410909, 0.00146645691770295, 
0.00267855752618573, 0.00164594022442282, 0.00106534083404107, 
0.00117564531579983, 0.00199534725001451, 0.00216142345369805, 
0.00219779289198483, 0.00257137938712785, 0.00179339055519078, 
0.00156841242315798, 0.00110361411514855, 0.00138119714431402, 
0.00134825727302651, 0.0013226238892294, 0.00220745981917106, 
0.00269283582538159, 0.00234194541445068, 0.00133633004678146, 
0.00135427198744802, 0.00162970392276625, 0.00122248946360459, 
0.00212253411222476, 0.000752016568790083, 0.00161315565099082, 
0.00213820261739548, 0.00193047832900635, 0.00106986000515309, 
0.000873612496724274, 0.0011250086033862, 0.00149522739171456, 
0.00157115437967627, 0.000903640214072587, 0.000872530596872642, 
0.00184676707790171, 0.00252669970817807, 0.00191160887362236, 
0.00203741173320898, 0.00126106255901013, 0.00214666563290461, 
0.00183527841509246, 0.00167502507208357, 0.00184332700928391, 
0.00149276039757999, 0.00162505946702205, 0.00138630972796063, 
0.00158977089781018, 0.0020592803125691, 0.00147874202255914, 
0.00263884757165558, 0.00266947677379289, 0.00185531205188001, 
0.00194782663336069, 0.00231409814220561, 0.0012262763573785, 
0.0018085146132847, 0.00118337338605484, 0.00195685785121521, 
0.00203299448970613, 0.00228949770267154, 0.00154215635615854, 
0.00680616196433287, 0.00349977895273897, 0.00212804866464246, 
0.00217664554563894, 0.00199075561920839, 0.00099799442965342, 
0.0020958079863443, 0.00149854204624667, 0.00141436904219629, 
0.00169311580757586, 0.00126654419279639, 0.000819979930925409, 
0.00221079415085012, 0.0024276088455795, 0.00146091692208475, 
0.00305874920512776, 0.00214062143034983, 0.00114242890392267, 
0.0028319027513333, 0.00199589575061093, 0.00167872209617777, 
0.00203814805097115, 0.00179316664019533, 0.0013793962128324, 
0.00176947439703501, 0.00186546034558997, 0.00103783616371725, 
0.000686505993157658, 0.000854449575049776, 0.00170730722073131, 
0.000935339224193224, 0.000921944069546058, 0.00080895959016138, 
0.0024429259805331, 0.00178406739443729, 0.00218480115684488, 
0.000718473915833436, 0.000862647232657769, 0.00141398234217894, 
0.00181922294844508, 0.00230825225689372, 0.000765176623895272, 
0.000818946825901637, 0.00147773933049657, 0.000945485992875142, 
0.000536760217568746, 0.000830891687862779, 0.00153525626379476, 
0.00194599056152422, 0.00180568427260249, 0.00128322931445071, 
0.00231059829233159, 0.00224925038446048, 0.00175663597223575, 
0.00163109859533541, 0.00250558244335128, 0.00113518516097602, 
0.00122132715924569, 0.00137246528211166, 0.00104955126840704, 
0.00248301987378974, 0.00114165367682203, 0.00131346817242921, 
0.00167904862151622, 0.001245037310814, 0.00138752975320076, 
0.00152441914662779, 0.00179313920221109, 0.0010857446475274, 
0.00134846947140099, 0.00280462297526045, 0.00115657254510314, 
0.000914208883535023, 0.00277968189225867, 0.00112424147504401, 
0.00115526426566745, 0.00165322634903938, 0.00173341560713273, 
0.00094687767953923, 0.000750549619690027, 0.00143388072893871, 
0.00114678500744642, 0.00124875629504165, 0.00171558742792098, 
0.0019370510311233, 0.00298342906323073, 0.00280097147733897, 
0.00469749651154215, 0.00355559821348591, 0.00247637436710666, 
0.00233982356301282, 0.00225722468079452, 0.0034019730795677, 
0.00208224397589909, 0.00175744618696267, 0.00165464606062941, 
0.00148968799778383, 0.00212565123708218, 0.0012837404801449, 
0.00163407054245345, 0.00220082371100177, 0.00179189657854465, 
0.00231685068093796, 0.00261003987328721, 0.00220696902080477, 
0.00127085877707704, 0.00106289203556043, 0.0023817465374102, 
0.0014373837570788, 0.0021852363959656, 0.00240803125714006, 
0.00233989020799771, 0.000959582335625591, 0.00167103066449323, 
0.00230393844031048, 0.00235332225141233, 0.00143384463276366, 
0.00176524723680235, 0.000976165753480518, 0.000828166130853307, 
0.00167461880311364, 0.00104466029433647, 0.00513556850714325, 
0.00350920920830562, 0.000510243596691508, 0.00159460891017377, 
0.00133851688768593, 0.00141309179060257, 0.00103363959235265, 
0.000752769673417974, 0.00166679969677497, 0.00106438005838374, 
0.000863668622848709, 0.00152406029518324, 0.00201506178623295, 
0.00159491695832134, 0.00111251651988127, 0.00167204302619937, 
0.00103451965348798, 0.00298610933433813, 0.00165159890679392, 
0.00295126669746381, 0.00194677628066963, 0.00125391668902156, 
0.00121904755265429, 0.00172684577208354, 0.0026408054058176, 
0.00192344997667652, 0.00195086275628004, 0.00187830736037876, 
0.00150052109915552, 0.00152712464461455, 0.0011850618614149, 
0.00137291405798638, 0.00221488109655976, 0.00137295765806107, 
