structure(list(exp = structure(c(0.00103619981683463, 0.0016626152359401, 
0.0018572722426019, 0.00210953661720853, 0.00125551857268992, 
0.00163402600167947, 0.0022371127275817, 0.00149369950116298, 
0.00234817718358046, 0.0013557771576644, 0.00155322894433005, 
0.00105792796002228, 0.00126578870106713, 0.00115821366766189, 
0.00233510917384366, 0.00226866284920551, 0.00162557646330681, 
0.00170761317874189, 0.00217060182413149, 0.00196743965902202, 
0.00170202903912, 0.00189510484951976, 0.00157052585440903, 0.003189101868643, 
0.00337371044226576, 0.00211846546368571, 0.00196015690637622, 
0.00480999902725541, 0.00261980110556386, 0.00244487414207183, 
0.0018835043253289, 0.00140726041050358, 0.00213393800404703, 
0.00132862751688124, 0.00182964961669747, 0.0026230923090394, 
0.00119601924467438, 0.00201986653856565, 0.00167131931591314, 
0.00112750068290366, 0.00333447086206252, 0.00296982399133584, 
0.00160980297561892, 0.00185261892662048, 0.00142713917331474, 
0.00134293014458048, 0.00198095156439517, 0.00123713964431005, 
0.00253968334823537, 0.00202104022207795, 0.001353177204022, 
0.00252431075315382, 0.00123145327898397, 0.00220533420998385, 
0.00123471009339447, 0.00216895215281488, 0.0013022022266335, 
0.00101594079385332, 0.0019754084486866, 0.00175968845028779, 
0.00144815330089083, 0.00145395819330736, 0.00350188652976886, 
0.00237935300410225, 0.00132335613614242, 0.00263519999204638, 
0.00282987591426343, 0.0017212831322744, 0.00237084512352467, 
0.00357467003178512, 0.00213752888297898, 0.0021365874455067, 
0.00280503845231772, 0.00229181155267573, 0.00162231053508921, 
0.00183180137656301, 0.00215335703040214, 0.00186791036527265, 
0.0018976065559109, 0.00294652341168363, 0.00299842178524504, 
0.00346807148635529, 0.00164242026573009, 0.00198121932000653, 
0.0021115405735145, 0.00251999881040563, 0.0015482006962701, 
0.00130682284214483, 0.001724052498935, 0.0017317159023059, 0.00291373501755057, 
0.00212440370083502, 0.00245076884613808, 0.00195379857759235, 
0.00140209608487322, 0.0019987487844972, 0.00367043874391804, 
0.00318894506659905, 0.0013821512061326, 0.00250299027444269, 
0.00260972726006962, 0.00199047751517553, 0.00242734086741582, 
0.00161379698027949, 0.00345689352502147, 0.0014477012620874, 
0.00137197418152097, 0.00181489672488246, 0.00104884327674295, 
0.00183679489831056, 0.00145993998188661, 0.000826618731606476, 
0.00108405899702394, 0.00236213063333813, 0.00115065301488617, 
0.00152079961101833, 0.00126121436193041, 0.00122769908303992, 
0.00258371919970296, 0.00117737723704957, 0.00211287689301545, 
0.00258640270118384, 0.00109632066217626, 0.00134981352761594, 
0.00123715862829565, 0.00130443835656859, 0.00120008331345565, 
0.00190902949988391, 0.00103111390509117, 0.00179308571161411, 
0.000733849537677608, 0.00172294976128969, 0.00194031733691629, 
0.00171387356537438, 0.00212620054911481, 0.00222004915206749, 
0.00273714756270314, 0.0014054870838446, 0.00158776449869338, 
0.00239913637536888, 0.00210214626324301, 0.00117265710157164, 
0.00200183092013914, 0.00138021603551442, 0.00459553499283119, 
0.00125536963530815, 0.00227741376752166, 0.00237341030659467, 
0.00369537357064158, 0.00107921723764299, 0.00244867859917164, 
0.00226251440883485, 0.00130091149497302, 0.00279356801731298, 
0.00222953957073877, 0.00148389041151234, 0.00271040068194922, 
0.00166550744686673, 0.00107800579037967, 0.00118962159092092, 
0.00201906828369152, 0.00218711883004674, 0.0022239206345146, 
0.00260194839061232, 0.00181471069270339, 0.00158705798167362, 
0.0011167340708814, 0.00139761705517145, 0.00136428558898931, 
0.00133834747108625, 0.0022337024838054, 0.00272484872403873, 
0.00236978686713291, 0.00135221656981301, 0.00137037180737753, 
0.00164907812524415, 0.00123702263006759, 0.00214776716534688, 
0.000760956671999591, 0.00163233312474789, 0.00216362194042066, 
0.00195342818971594, 0.00108257868618053, 0.000883998153383936, 
0.00113838290050047, 0.00151300291390169, 0.00158983253504588, 
0.000914382845436506, 0.000882903391719497, 0.00186872176476044, 
0.00255673755190124, 0.00193433441097839, 0.00206163283674724, 
0.00127605428911169, 0.00217218556572384, 0.00185709652273802, 
0.0016949380602336, 0.00186524080001113, 0.00151050659171359, 
0.0016443784554057, 0.00140279041809788, 0.0016086703695715, 
0.00208376139356616, 0.00149632156382269, 0.00267021864860235, 
0.00270121197599926, 0.00187736832286928, 0.00197098273371695, 
0.0023416085416926, 0.00124085454309053, 0.00183001454821922, 
0.00119744153381352, 0.00198012131625342, 0.00205716308028862, 
0.00231671564787287, 0.00156048977800248, 0.00688707479650578, 
0.00354138493104645, 0.00215334727571877, 0.0022025218848529, 
0.00201442206678316, 0.00100985876027312, 0.00212072331465332, 
0.00151635697362093, 0.0014311833063207, 0.00171324386152251, 
0.00128160108950974, 0.000829727994354374, 0.00223707645459693, 
0.00245646867996681, 0.00147828455546678, 0.00309511214541489, 
0.00216606950864231, 0.0011560102965867, 0.00286556890169079, 
0.00201962330495802, 0.00169867903519051, 0.00206237790798248, 
0.00181448411576769, 0.00139579471390448, 0.00179051021511749, 
0.00188763726125242, 0.00105017413977158, 0.000694667295298447, 
0.000864607419577796, 0.00172760398465532, 0.000946458698879324, 
0.000932904300313841, 0.000818576641870759, 0.00247196790767347, 
0.00180527669660021, 0.0022107744513773, 0.000727015258175433, 
0.000872902532359164, 0.00143079200914657, 0.00184085018592254, 
0.00233569315948369, 0.000774273176119025, 0.000828682607599158, 
0.00149530695158322, 0.000956726094104624, 0.000543141315995265, 
0.000840769472147994, 0.00155350765614567, 0.0019691248343405, 
0.0018271505599568, 0.00129848456677994, 0.00233806708499715, 
0.00227598986257259, 0.00177751916490076, 0.00165048937792235, 
0.00253536924137294, 0.00114868043876937, 0.00123584650803318, 
0.00138878138707899, 0.00106202851565483, 0.0025125384440769, 
0.00115522585345203, 0.00132908290953908, 0.00169900944231873, 
0.00125983852998963, 0.00140402494720936, 0.00154254170545296, 
0.00181445635159594, 0.0010986521679344, 0.00136450031001482, 
0.00283796481891548, 0.00117032207982302, 0.00092507715707187, 
0.00281272723199949, 0.0011376066524037, 0.00116899824733482, 
0.00167288019019459, 0.00175402275207592, 0.000958134325380796, 
0.000759472283554577, 0.00145092695137429, 0.00116041818622357, 
0.00126360172614586, 0.00173598262838208, 0.00196007902925397, 
0.00301889658462649, 0.00425140486703146, 0.00237667058180909, 
0.00179893389041617, 0.00375872090168919, 0.00236763979075768, 
0.00228405895872249, 0.00344241632471619, 0.00210699805290283, 
0.00177833901160067, 0.00167431677956189, 0.00150739766669655, 
0.00215092134712445, 0.00129900180930044, 0.00165349665606243, 
0.00222698748443291, 0.00181319895540415, 0.0023443938030821, 
0.00132053423966332, 0.00223320585074314, 0.00128596696631555, 
0.00107552788015859, 0.00241006115273523, 0.00145447162411959, 
0.00221121486469607, 0.00243665834976541, 0.0023677072280297, 
0.000970990016618998, 0.00169089616643404, 0.0023313280595018, 
0.00238129895390269, 0.00145089042608166, 0.00178623280167189, 
0.000987770581017422, 0.000838011513244761, 0.00169452696146779, 
0.00105707939683746, 0.0051966210349715, 0.00355092729512449, 
0.000516309460936696, 0.00161356589706396, 0.00135442940826089, 
0.00142989087053882, 0.0010459276788398, 0.000761718729665727, 
0.0025299223503582, 0.00161555038928239, 0.00131090409752038, 
0.00231326788188044, 0.00203901718973083, 0.00161387760734126, 
0.00112574230894337, 0.00169192056327147, 0.00104681820229433, 
0.00302160871926101, 0.00167123340063387, 0.00298635186708522, 
0.00196991989425119, 0.00126882346778312, 0.00123353980108381, 
0.00174737481368985, 0.00267219975783596, 0.00194631628311639, 
0.00197405495059138, 0.00190063700357796, 0.0015183595538535, 
0.00154527936686835, 0.00119915008206109, 0.00138923549807902, 
0.00224121198662497, 0.00138927961647895, 0.00177759184422418, 
