structure(list(exp = structure(c(0.000987618298687052, 0.00158466466024515, 
0.00177019530657755, 0.00201063243889574, 0.00119665444500644, 
0.0015574158126363, 0.0021322272307813, 0.00142366842390951, 
0.00223808450588986, 0.00129221247494679, 0.00148040686993824, 
0.00100832773277494, 0.00120644306545436, 0.00110391161375286, 
0.00222562918083208, 0.00216229814657886, 0.00154936242507849, 
0.00162755290534259, 0.00206883464544935, 0.00187519759919323, 
0.00162223057427921, 0.00180625415765248, 0.00149689282624436, 
0.00303958301350633, 0.00321553634069501, 0.00201914266252613, 
0.00186825629341325, 0.00916897103976714, 0.00749092057942825, 
0.00233024789376343, 0.00179519751608672, 0.00134128197076587, 
0.00203388978343828, 0.00126633572646199, 0.00174386774855468, 
0.00250011042413263, 0.001139944702201, 0.00192516648042554, 
0.00106197377026325, 0.00107463858623276, 0.00211875765420851, 
0.00188705721944824, 0.00153432846654889, 0.0017657601581263, 
0.00136022873140856, 0.0012799677852653, 0.00188807600814472, 
0.0011791372000858, 0.0024206120352831, 0.00192628513659087, 
0.00128973441834877, 0.00240596017378478, 0.0011737174361003, 
0.00210193862719839, 0.00117682155699956, 0.00206726231784166, 
0.00124114936783426, 0.000968309106111648, 0.00188279277761661, 
0.00167718666347713, 0.00138025762601741, 0.00138579036003196, 
0.00333770298019401, 0.00453559733887198, 0.00126131149079582, 
0.00251165044672107, 0.00179813274784391, 0.00164058195247381, 
0.00225968967500756, 0.0034070740776078, 0.00203731230647288, 
0.00203641500765118, 0.00267352614719861, 0.00218436153895419, 
0.00154624961766674, 0.00174591862463385, 0.00205239836205354, 
0.00178033466815879, 0.00180863857325427, 0.00187225178748382, 
0.00190522855674435, 0.00330547333191231, 0.00156541651737076, 
0.0056649936306533, 0.00134169496072261, 0.00720555118055016, 
0.00147561436784196, 0.00124555334895454, 0.0016432214792768, 
0.00165052558923355, 0.00277712654847674, 0.00202480248949706, 
0.00233586622867007, 0.00186219607051609, 0.0013363597710028, 
0.00190503881778139, 0.00349835273931718, 0.00303943356301872, 
0.00131734999423069, 0.00238563929110387, 0.00248737198632271, 
0.00189715534125232, 0.00231353665467146, 0.00153813521503864, 
0.00329481944163368, 0.00137982678074343, 0.00130765011244212, 
0.00172980653596002, 0.000999668978644051, 0.00175067802853708, 
0.0013914916965539, 0.000787863278982153, 0.00103323363401833, 
0.00225138375772005, 0.00109670543700006, 0.00144949796369011, 
0.00120208319107257, 0.00117013925305977, 0.00246258329603908, 
0.00112217671232549, 0.00201381610816105, 0.00246514098339244, 
0.00104492041940477, 0.00128652844560537, 0.00117915529402025, 
0.00124328065835009, 0.00114381822990318, 0.00181952596032898, 
0.000982770836429536, 0.00170901811709837, 0.000699443505121857, 
0.00164217044273012, 0.0018493468885684, 0.001633519778039, 0.00202651509377691, 
0.00211596366930882, 0.0026088182754077, 0.00133959178531177, 
0.00151332324850769, 0.00228665451090133, 0.00200358857661016, 
0.00111767787716402, 0.00190797644960642, 0.00131550555276047, 
0.00438007648470864, 0.00119651249045172, 0.00217063878408808, 
0.00678640377368287, 0.0035221185137814, 0.00102861887720717, 
0.00233387398149989, 0.00215643797162052, 0.00123991915124294, 
0.00266259349567664, 0.00212500913620592, 0.00141431922670348, 
0.00258332540382423, 0.00158742127184495, 0.0010274642278184, 
0.00113384699805849, 0.00192440565118402, 0.00208457726286387, 
0.00211965363995511, 0.00247995782382788, 0.00172962922577215, 
0.00151264985605413, 0.00106437675943517, 0.00133209073753844, 
0.00130032199430114, 0.00127559996727664, 0.0021289768739469, 
0.00259709605936381, 0.00225868103424134, 0.0012888188228162, 
0.00130612286451204, 0.00157176222770515, 0.00117902567197588, 
0.00204707057398981, 0.00072527974003178, 0.00155580230507927, 
0.00206218200880193, 0.00186184304802138, 0.00103182272653414, 
0.000842552505900387, 0.00108501059851677, 0.00144206680937352, 
0.00151529432639334, 0.000871512632493305, 0.000841509071386179, 
0.00534332407721333, 0.00243686666429993, 0.00184364446801209, 
0.00196497459434566, 0.00121622735844001, 0.00207034413440272, 
0.00177002782521904, 0.00161547205107738, 0.00177779026363471, 
0.0014396875255401, 0.00156728289866567, 0.00133702155089016, 
0.00153324896195966, 0.00198606566894617, 0.00142616755295872, 
0.002545027277568, 0.00257456750405433, 0.00178934919589648, 
0.0018785745592597, 0.00223182383027442, 0.00118267792838333, 
0.00174421557051217, 0.00114130030828876, 0.001887284685618, 
0.0019607143993548, 0.00220809802271856, 0.00148732728440089, 
0.00656417901542733, 0.00337534952600194, 0.0020523890647118, 
0.00209925815600349, 0.00191997726897066, 0.00096251222450691, 
0.00202129465569877, 0.00144526361630187, 0.00136408325801059, 
0.00163291959742059, 0.00122151410090346, 0.000790826766077365, 
0.00213219265843055, 0.0023412988296967, 0.00140897619737608, 
0.00294999993402637, 0.0020645148244652, 0.00110181154622022, 
0.00273121866794351, 0.00192493465065888, 0.00161903763298769, 
0.00196568473342675, 0.00172941327174078, 0.00133035383549265, 
0.00170656337098961, 0.00179913668214239, 0.00300281233521549, 
0.000662098295319117, 0.000824070893357341, 0.00164660645602349, 
0.0027062538946017, 0.00266749716496283, 0.000780198237111233, 
0.0023560713867363, 0.00516191260832916, 0.00210712380660313, 
0.00207878893838872, 0.00249593128638556, 0.00136371030653625, 
0.00175454318676907, 0.00222618578670567, 0.000737971908983392, 
0.000789830391563606, 0.00142520051011863, 0.000911870646971862, 
0.000517676507691855, 0.000801350571753028, 0.00148067251454143, 
0.00187680376622201, 0.00174148585837631, 0.00123760600791465, 
0.00222844841234864, 0.00216928163794653, 0.00169418139725756, 
0.00157310731476887, 0.00241650019236381, 0.0010948253437624, 
0.00117790469161688, 0.00132366932368807, 0.00101223603666739, 
0.00239473980134959, 0.00110106388116422, 0.00126676976834721, 
0.00161935254920419, 0.00120077186406927, 0.00133819819995045, 
0.00147022069493032, 0.00172938680927319, 0.00104714261411357, 
0.00130052664827855, 0.00270490878366786, 0.00111545233130954, 
0.000881705548658078, 0.00268085444371528, 0.00108427074427994, 
0.00111419056580012, 0.00159444834915555, 0.00167178659764236, 
0.000913212854289925, 0.000723864946121534, 0.00138290123579915, 
0.00110601277497286, 0.00120435862535321, 0.00165459227278228, 
0.0018681820675065, 0.00287735768756346, 0.00270138710931501, 
0.00226524201067338, 0.00171459210804594, 0.00238833056575624, 
0.00225663462207025, 0.00217697242005442, 0.0032810209949413, 
0.00200821289343745, 0.00169496280600691, 0.00159581758501507, 
0.00143672436034147, 0.00205007687411678, 0.00123809899987412, 
0.0015759735987347, 0.00212257670271718, 0.00172818836523997, 
0.00223447850659284, 0.00125862189699888, 0.00212850352518534, 
0.00122567528656783, 0.00102510249271955, 0.00229706708756926, 
0.00138627971899249, 0.00210754357144533, 0.00232241729324777, 
0.00225669889759199, 0.000925465815256376, 0.00161161965869809, 
0.00222202534144437, 0.00226965338471389, 0.00138286642296984, 
0.00170248650114145, 0.000941459634395243, 0.000798721917862526, 
0.00161508022639542, 0.00100751895389339, 0.00495298101977853, 
0.003384444502881, 0.000492102645765772, 0.00153791496600127, 
0.00129092791385024, 0.00136285141719445, 0.000996890076550094, 
0.000726006069146592, 0.00160753911673381, 0.00102653761110821, 
0.000832962171646207, 0.00146987460191427, 0.00194341926643769, 
0.00153821206195588, 0.00107296265243031, 0.00161259602739197, 
0.000997738848422863, 0.00287994266562467, 0.00159287876819459, 
0.00284633880679629, 0.00187756155029376, 0.00120933554921305, 
0.0011757061330417, 0.00166545034329069, 0.00254691550385314, 
0.00185506457828789, 0.00188150273735182, 0.00181152694045968, 
0.00144717230693291, 0.00147283000296678, 0.00114292875242287, 
0.00132410214400514, 0.00213613429887417, 0.00132414419394413, 
