structure(list(exp = structure(c(0.00103541491552941, 0.00166135583707941, 
0.00185586539482632, 0.00210793868405185, 0.00125456754167213, 
0.00163278825861038, 0.0022354181579907, 0.00223885207905293, 
0.00234639848481374, 0.00135475018270904, 0.00155205240346804, 
0.00105712660006915, 0.00126482989062588, 0.0011573363432263, 
0.00233334037384138, 0.00226694438100805, 0.00162434512059949, 
0.00170631969481048, 0.00216895763526251, 0.00196594936156083, 
0.00170073978506627, 0.00189366934427671, 0.00156933621147243, 
0.00318668618570376, 0.00337115492190516, 0.00211686076710065, 
0.0019586721254592, 0.00320423703072772, 0.00261781665693361, 
0.00244302219723065, 0.00188207760725839, 0.00140619443798067, 
0.00213232158731212, 0.00132762110725328, 0.00274239553878956, 
0.00393165805107933, 0.00119511328324594, 0.00201833652875795, 
0.00111336888258689, 0.00112664662295956, 0.00222129670994962, 
0.0019783829380963, 0.00160858358102322, 0.0018512156036417, 
0.00142605814301376, 0.0020128693514833, 0.00197945103192719, 
0.00123620253497478, 0.00253775958725559, 0.00201950932322771, 
0.0013521521984812, 0.00252239863661727, 0.00123052047696038, 
0.00220366371200485, 0.001233774824397, 0.00216730921354, 0.00130121583365144, 
0.00101517123836589, 0.00197391211502148, 0.00175835552034612, 
0.00144705635279495, 0.00145285684811782, 0.00349923391850287, 
0.00158503379350327, 0.00132235371948334, 0.00263320387905768, 
0.00188515489202111, 0.00171997929361778, 0.00236904925423219, 
0.00357196228842511, 0.00213590974622279, 0.00213496902187117, 
0.00280291368998265, 0.00229007554978344, 0.0016210816662593, 
0.00183041382247546, 0.00215172590413064, 0.00186649545932505, 
0.00189616915567367, 0.00196286098482022, 0.00199743369251886, 
0.00346544448933018, 0.00164117616416845, 0.00197971858471886, 
0.00140662741493314, 0.00251808996008226, 0.002320541946313, 
0.00130583294913595, 0.0025841198438051, 0.00173040416102791, 
0.00291152791967119, 0.00212279450615025, 0.00244891243617267, 
0.00195231861298632, 0.00140103402422702, 0.00199723477097946, 
0.00366765845761223, 0.00318652950243431, 0.00138110425334601, 
0.0025010943077561, 0.00260775044218236, 0.00198896976698422, 
0.00242550220369083, 0.00161257456030257, 0.00345427499508572, 
0.00144660465640216, 0.00137093493763354, 0.00181352197574136, 
0.00104804879826157, 0.00183540356172694, 0.001458834105608, 
0.000825992583916796, 0.00108323784331605, 0.00236034136510329, 
0.00114978141749871, 0.00151964763474862, 0.00126025901646252, 
0.00122676912474709, 0.00258176208241803, 0.00117648539658108, 
0.00211127642966451, 0.00258444355119848, 0.00109549022049436, 
0.00134879106999491, 0.00123622150458038, 0.00130345026976137, 
0.00119917427357376, 0.00190758344698772, 0.00103033285626565, 
0.00268759122584011, 0.000733293660856747, 0.00172164466019385, 
0.00193884758408914, 0.00171257533932126, 0.00212458999335225, 
0.00221836750780467, 0.0027350742264029, 0.00140442245458231, 
0.00158656179781739, 0.00359597861400107, 0.00210055392813642, 
0.00117176883651442, 0.00200031457196332, 0.00137917054858211, 
0.0045920539640224, 0.00125441871710755, 0.00227568867067295, 
0.00237161249422566, 0.00369257439668715, 0.00107839975147412, 
0.00244682377252785, 0.00226080059796197, 0.0012999260796952, 
0.00279145194361041, 0.0022278507376675, 0.00148276639324687, 
0.00270834760589345, 0.00166424585721224, 0.00107718922185866, 
0.00118872047559136, 0.00201753887854644, 0.00218546212986547, 
0.00222223605767876, 0.00259997746506811, 0.00181333608447806, 
0.0015858558159706, 0.00111588816643751, 0.00139655838730356, 
0.0013632521690619, 0.00133733369878111, 0.00223201049740806, 
0.00272278470387073, 0.00236799179944916, 0.00135119229193403, 
0.0013693337772575, 0.00164782898048279, 0.00123608560936834, 
0.00214614027328996, 0.00114057039307372, 0.00244664499600046, 
0.00216198303867849, 0.00195194850567155, 0.00162263798066919, 
0.000883328541892859, 0.00170628089623075, 0.00151185684347914, 
0.00238294240150857, 0.000913690218129306, 0.000882234609489191, 
0.00186730624419344, 0.00255480087269227, 0.00193286919010184, 
0.00206007118977707, 0.00127508770268619, 0.00325581026580189, 
0.00185568980806684, 0.00169365417745912, 0.00186382791620755, 
0.00150936241220678, 0.00164313287055328, 0.0014017278315077, 
0.00160745183290296, 0.00208218298464251, 0.00149518812919995, 
0.0026681960096591, 0.0026991658602104, 0.00187594625270187, 
0.00196948975244526, 0.00233983481854497, 0.00123991461979134, 
0.00182862834761955, 0.00119653449502858, 0.00197862141268234, 
0.00205560481907246, 0.00231496078061049, 0.0015593077371995, 
0.00688185797064931, 0.003538702400506, 0.00215171615683624, 
0.00220085351715575, 0.00201289618105746, 0.0010090938118084, 
0.00211911690778986, 0.00151520836256306, 0.00143009921266724, 
0.00171194611245787, 0.0012806303014903, 0.000829099491458344, 
0.00223538191248201, 0.0024546079524876, 0.00147716478352875, 
0.00309276765787178, 0.00216442875291459, 0.00115513464116205, 
0.00286339828871191, 0.00201809347939508, 0.00169739231869991, 
0.00206081569663528, 0.00181310967917001, 0.00139473742642483, 
0.00178915393828553, 0.00188620741256294, 0.00104937865318722, 
0.000694141098267801, 0.000863952496192263, 0.00172629535807536, 
0.000945741774733981, 0.000932197643363062, 0.000817956585908396, 
0.00247009543982926, 0.00180390923444433, 0.00220909983252074, 
0.000726464558189015, 0.000872241325586254, 0.00142970821189315, 
0.00183945577753704, 0.00233392391712359, 0.000773686679174459, 
0.000828054896563361, 0.00149417428550962, 0.000956001392606128, 
0.0005427298969611, 0.000840132605546246, 0.00155233090416486, 
0.00196763326039163, 0.00182576652877281, 0.00129750098985325, 
0.00233629604443442, 0.00227426584430431, 0.00177617272853789, 
0.00164923916416441, 0.00253344874824561, 0.00114781033557014, 
0.00123491037822361, 0.00138772941205865, 0.00106122404961018, 
0.00251063524483663, 0.00115435079222786, 0.00132807615495999, 
0.00169772247555113, 0.00125888422668781, 0.00140296142548727, 
0.00154137325996755, 0.00181308193602908, 0.00109781996018201, 
0.00136346672744039, 0.00283581511549501, 0.00116943558349957, 
0.0009243764290306, 0.00281059664556263, 0.0011367449373833, 
0.00116811275378886, 0.00167161301582974, 0.00175269411379098, 
0.000957408557174365, 0.000758896997999652, 0.00144982790229185, 
0.00115953919190782, 0.00126264457229578, 0.00173466765514167, 
0.00195859430732736, 0.0030166098288955, 0.0028321230067548, 
0.00237487029984471, 0.00179757123281321, 0.00250391582890506, 
0.00236584634944273, 0.00228232882827007, 0.00343980876097946, 
0.00210540204265948, 0.0017769919542198, 0.00167304851700839, 
0.00150625584214027, 0.00214929206583588, 0.00129801784057255, 
0.00165224416434951, 0.00333795087677643, 0.00271773823843586, 
0.00234261797015288, 0.00131953396053621, 0.00334727136080359, 
0.00128499287122893, 0.00107471318860661, 0.00240823557805965, 
0.00145336989001616, 0.00220953991223494, 0.00243481262822789, 
0.00236591373563231, 0.00097025451047528, 0.00168961534531589, 
0.00232956212362045, 0.00237949516603603, 0.00144979140466643, 
0.00178487976489782, 0.000987022363920967, 0.000837376735743502, 
0.00169324339009268, 0.00105627867965452, 0.00519268469512003, 
0.00354823753642794, 0.000515918366513397, 0.0016123436521281, 
0.00135340345419961, 0.00142880775588046, 0.0010451354088674, 
0.000761141742471353, 0.00168533732209692, 0.00107621776075472, 
0.000873274075359694, 0.00154101041748938, 0.00203747267367555, 
0.00161265512629089, 0.00112488958093351, 0.00169063896619254, 
0.00104602525776765, 0.00301931990914052, 0.00166996747368023, 
0.00298408976334785, 0.00196842771805982, 0.00126786235856482, 
0.00123260541856011, 0.00174605121108957, 0.00267017561824081, 
0.0019448419862036, 0.00197255964217487, 0.00189919730783528, 
0.00151720942587987, 0.0015441088476574, 0.00119824174908392, 
0.0013881831790784, 0.00223951431192459, 0.00138822726405949, 
