structure(list(exp = structure(c(0.000988740647630811, 0.00158646550446807, 
0.00177220699149188, 0.00201291736131676, 0.00119801434675611, 
0.00155918569073053, 0.00213465033592577, 0.00142528630882918, 
0.00224062790933283, 0.00129368097072932, 0.00148208923354878, 
0.00100947361632868, 0.00120781409118567, 0.00110516612071708, 
0.00222815842979763, 0.00216475542490605, 0.00155112315114401, 
0.00162940248861444, 0.00207118571000761, 0.00187732861078707, 
0.00162407410914891, 0.00180830682055747, 0.0014985939248213, 
0.00304303725568593, 0.00321919053971136, 0.00202143725613339, 
0.00187037941677009, 0.00305979694652599, 0.00249981113651608, 
0.00233289603350096, 0.00179723761400582, 0.00134280623009275, 
0.00203620113596506, 0.00126777481539637, 0.00174584951431201, 
0.00250295159900509, 0.00114124015787873, 0.00192735427764309, 
0.00106318061823371, 0.00107585982675026, 0.00212116545226009, 
0.00188920170854882, 0.00153607210772696, 0.00176776680285032, 
0.00136177452220851, 0.00128142236594059, 0.00189022165501689, 
0.00118047719489232, 0.00242336286661608, 0.00192847420507138, 
0.00129120009801883, 0.00240869435445293, 0.00117505127177997, 
0.00210432731177544, 0.00117815892026353, 0.00206961159557577, 
0.00124255983449318, 0.000969409511707536, 0.00188493242052124, 
0.00167909265153218, 0.00138182617804884, 0.00138736519957161, 
0.00334149601179274, 0.00151358389376093, 0.00126274487008955, 
0.00251450473590315, 0.00180017618141837, 0.0016424463422122, 
0.0022622576309915, 0.00341094594389197, 0.00203962754842245, 
0.00203872922989263, 0.00267656439512436, 0.00218684389055631, 
0.00154800680627643, 0.00174790272104726, 0.00205473074809467, 
0.00178235787564391, 0.00181069394585625, 0.00187437945139905, 
0.00190739369611158, 0.00330922973710208, 0.00156719548762389, 
0.00189047714710662, 0.00134321968937944, 0.00240457990374938, 
0.00147729128515844, 0.0012469688203846, 0.00164508886862558, 
0.00165240127911717, 0.00278028252994499, 0.0020271035150435, 
0.00233852075319437, 0.00186431230691592, 0.00133787843664464, 
0.00190720374152551, 0.0035023283364756, 0.00304288763535984, 
0.00131884705678669, 0.00238835037871952, 0.00249019868498281, 
0.00189931130605799, 0.00231616580342677, 0.0015398831822809, 
0.00329856373953208, 0.00138139484315377, 0.00130913615186085, 
0.0017317723222776, 0.00100080502221856, 0.00175266753363111, 
0.00139307301520499, 0.000788758622375616, 0.00103440782113023, 
0.00225394227469551, 0.00109795175472268, 0.00145114520180901, 
0.00120344926215652, 0.00117146902242154, 0.00739614547302561, 
0.00112345197610854, 0.00201610464856672, 0.00740382725490499, 
0.00104610788761044, 0.00128799048194467, 0.00118049530938907, 
0.00124469354704966, 0.00114511808753431, 0.00182159370557269, 
0.00098388767662143, 0.0017109602790461, 0.000700238366537686, 
0.00164403663766021, 0.00185144852290404, 0.00163537614218285, 
0.00202881806556068, 0.00211836829222077, 0.00261178298802973, 
0.00134111412387852, 0.00151504301894105, 0.00228925311025744, 
0.00601759648274083, 0.00335684408514577, 0.00573043413520013, 
0.00131700051925675, 0.00438505409014865, 0.00119787223088144, 
0.0021731055408805, 0.00226470532566266, 0.00352612111883539, 
0.00102978782001827, 0.00233652624199515, 0.00215888859032913, 
0.00124132821985942, 0.00266561931952125, 0.00212742403856513, 
0.00141592648701077, 0.00258626114584342, 0.00158922524873575, 
0.00102863185846313, 0.00113513552418477, 0.00192659258378019, 
0.00208694621764354, 0.00212206245622259, 0.00248277609688726, 
0.00173159481059092, 0.001514368861231, 0.00106558633820998, 
0.00133360455176632, 0.00130179970590166, 0.0012770495842773, 
0.00213139628532166, 0.00260004745062797, 0.00226124784398599, 
0.00129028346198541, 0.00130760716833606, 0.00157354840934885, 
0.00118036554003965, 0.00204939690542734, 0.000726103962255322, 
0.00155757034955164, 0.00206452551317249, 0.00186395888323947, 
0.0010329953102629, 0.000843509999211635, 0.00108624362599392, 
0.00144370560258187, 0.00151701633679855, 0.000872503036664483, 
0.000842465378917834, 0.00178313211208173, 0.00243963596771441, 
0.00184573962200437, 0.00196720763029022, 0.00121760950323515, 
0.00207269691437405, 0.00177203931980424, 0.0016173079054278, 
0.00177981057960826, 0.0014413236148833, 0.00156906398991138, 
0.00133854096859173, 0.00153499137636739, 0.00198832267320454, 
0.00142778827793801, 0.00254791949683997, 0.00257749329342321, 
0.00179138264766899, 0.00188070940849767, 0.00223436011896196, 
0.00118402194694343, 0.00174619773154124, 0.00114259730450403, 
0.00188942943321562, 0.00196294259392962, 0.00221060734892971, 
0.00148901751250712, 0.00657163867812739, 0.00337918533987899, 
0.00205472144018725, 0.00210164379444012, 0.0019221591690658, 
0.000963606042412033, 0.00202359169487359, 0.00144690604242476, 
0.00136563342917071, 0.00163477527950733, 0.00122290225365717, 
0.000791725477236102, 0.00213461572428632, 0.00234395952793612, 
0.00141057738575929, 0.00295335237222485, 0.00206686097989357, 
0.00110306366662622, 0.00273432247878948, 0.0019271221844205, 
0.00162087753933583, 0.00196791857638739, 0.00173137861114512, 
0.00133186567587073, 0.00170850274331537, 0.00180118125660761, 
0.00100207493015664, 0.000662850716900819, 0.000825007383799015, 
0.00164847769212671, 0.000903109778328697, 0.000890176187144691, 
0.000781084869799701, 0.00235874887280136, 0.00172259290259474, 
0.00210951838372048, 0.000693717105067372, 0.000832922570667774, 
0.00136526005386695, 0.00175653708430527, 0.00222871566820912, 
0.000738810554838448, 0.000790727970422664, 0.00142682013613133, 
0.000912906914787914, 0.000518264805501231, 0.00080226124237242, 
0.00148235518003574, 0.0018789366030958, 0.00174346491730659, 
0.00123901244782936, 0.00223098086514457, 0.00217174685245126, 
0.00169610669846378, 0.00157489502499609, 0.00241924635091728, 
0.00109606952490992, 0.00117924328577643, 0.00132517356765489, 
0.00101338636169488, 0.00239746123096486, 0.00110231515190888, 
0.00126820935053537, 0.00162119281342933, 0.00120213644493531, 
0.00133971895481926, 0.00147189148277036, 0.00173135211860506, 
0.00104833260766521, 0.00130200459245189, 0.00270798269544162, 
0.00111671995337317, 0.000882707536260534, 0.00268390101966196, 
0.00108550293097211, 0.0011154567539685, 0.00159626031175581, 
0.00167368644895592, 0.000914250647416887, 0.000724687560545329, 
0.00138447279208095, 0.00332180900921459, 0.00120572728228561, 
0.00165647258412541, 0.00187030510651155, 0.00288062757367811, 
0.00270445701898847, 0.00226781627644125, 0.00171654060438709, 
0.00239104471178957, 0.00225919910623169, 0.00217944637451587, 
0.0032847496120123, 0.00201049506623921, 0.00169688899522147, 
0.00159763110364201, 0.0014383570822852, 0.00205240662197316, 
0.00123950600003463, 0.00157776456626364, 0.00212498884081092, 
0.00173015231263637, 0.00223701781210698, 0.00126005221978509, 
0.00213092239863721, 0.00122706816817512, 0.00102626743944186, 
0.00229967751998318, 0.00138785511464933, 0.00210993862559174, 
0.00232505653413619, 0.0022592634547974, 0.000926517532890222, 
0.00161345113511371, 0.00222455049493564, 0.00227223266365437, 
0.00138443793968965, 0.00170442124043178, 0.000942529527721096, 
0.000799629601227711, 0.00161691563546853, 0.00100866391833483, 
0.00495860968524918, 0.0101648719574083, 0.000492661880933276, 
0.00153966268294817, 0.00129239494983216, 0.00136440018846633, 
0.000998022962125368, 0.000726831116784888, 0.00160936595594094, 
0.00102770418872741, 0.000833908766312164, 0.00147154499644737, 
0.00194562780648182, 0.00153996011652849, 0.0032225459651506, 
0.00484328584011679, 0.00299661809567778, 0.00864964646807838, 
0.00159468894709204, 0.0028495734424421, 0.00187969524832833, 
0.00121070986202005, 0.00117704222871586, 0.00166734299395963, 
0.00254980986894277, 0.00557151813095722, 0.00188364091422922, 
0.00544075678637763, 0.00144881690212954, 0.00442351126822806, 
0.00114422759923422, 0.00132560687983752, 0.002138561844088, 
