structure(list(exp = structure(c(0.000989978175517026, 0.00158845115693113, 
0.00177442512177444, 0.00201543676958954, 0.00119951380585669, 
0.00156113719922438, 0.00213732210766324, 0.00142707022613575, 
0.00224343232475469, 0.00129530016812044, 0.00148394424655019, 
0.00101073709401982, 0.00120932581584551, 0.00110654936909123, 
0.00223094723816551, 0.00216746487678464, 0.00155306456839948, 
0.00163144188187936, 0.00207377804812966, 0.00187967831342447, 
0.00162610683330581, 0.00181057013411966, 0.00150046959542969, 
0.00304684598295099, 0.00322321974400622, 0.00202396732807966, 
0.00187272042165505, 0.00306362665056067, 0.00250293995093179, 
0.00233581593358195, 0.00179948707312416, 0.00134448691365674, 
0.00203874968668333, 0.00126936158811706, 0.00174803465504054, 
0.00250608434408747, 0.00114266855725083, 0.00192976659342166, 
0.00106451131669978, 0.00107720639477136, 0.00212382034604314, 
0.00189156627179664, 0.00153799468679065, 0.00176997937570256, 
0.00136347894687235, 0.00128302622021287, 0.00189258749485044, 
0.00118195470413725, 0.00242639599682373, 0.00193088792257389, 
0.00129281619029926, 0.00241170912525268, 0.00117652198982928, 
0.0021069611305997, 0.00117963352790883, 0.0020722019635042, 
0.00124411504763139, 0.000970622844351213, 0.00188729164024142, 
0.00168119423801473, 0.00138355569977259, 0.00138910165404726, 
0.00334567829610175, 0.00151547832611904, 0.00126432534722848, 
0.00251765194112644, 0.00180242931850739, 0.00164450206142933, 
0.00226508911861251, 0.00341521515314725, 0.00204218038770817, 
0.00204128094482463, 0.00267991443751025, 0.00218958098880736, 
0.00154994432305134, 0.00175009043161107, 0.00205730249085201, 
0.00178458871097936, 0.00181296024719297, 0.00187672546280862, 
0.0019097810288207, 0.00331337163628603, 0.0015691570213423, 
0.00189284330671926, 0.00134490089043747, 0.00240758952481903, 
0.00147914029295015, 0.00124852955189915, 0.00164714789528247, 
0.00165446945813562, 0.00278376238805603, 0.00608892203698367, 
0.00234144769328883, 0.00186664571808289, 0.00133955295248222, 
0.00190959083648362, 0.00350671192179037, 0.00304669617535706, 
0.00396149325768753, 0.00239133968658585, 0.00249331546825886, 
0.00190168852268348, 0.00231906476361184, 0.00154181053136294, 
0.00330269228893673, 0.00138312382501001, 0.00131077469327073, 
0.00173393984370653, 0.00100205765012116, 0.00175486120793117, 
0.00139481661369867, 0.0007897458486953, 0.00103570250697878, 
0.00225676335464761, 0.00109932597344975, 0.0014529614846315, 
0.00120495552370765, 0.00117293525685477, 0.00246846754633085, 
0.00112485811143087, 0.00605588413833896, 0.00741309403554622, 
0.00104741721749994, 0.0012896025570044, 0.00118197284130648, 
0.00124625143078586, 0.00114655134060196, 0.00182387364927017, 
0.000985119130430516, 0.00171310175169881, 0.000701114799106393, 
0.00164609434732344, 0.00185376583349755, 0.00163742301219396, 
0.002031357375478, 0.00212101968502148, 0.00261505194869012, 
0.00134279268956799, 0.00151693927756989, 0.00229211838596886, 
0.0020083760762596, 0.00112034852647176, 0.00191253548766956, 
0.00131864890386868, 0.00439054251295409, 0.0011993715121069, 
0.00217582544393392, 0.00226753987686806, 0.00353053448368004, 
0.00103107672337954, 0.00233945068571886, 0.00216159069915834, 
0.00124288189148373, 0.0026689556628281, 0.00639026029716594, 
0.00141769868937416, 0.00258949816284751, 0.00159121435535081, 
0.00102991931499943, 0.00113655628287329, 0.00192900394620725, 
0.00208955828193719, 0.00212471847271403, 0.00248588358990122, 
0.00173376210984262, 0.00151626427607035, 0.00106692004772407, 
0.00133527371832274, 0.0013034290648667, 0.00127864796548718, 
0.00213406398422327, 0.00260330172285128, 0.00226407806773707, 
0.00129189840698555, 0.00130924379603909, 0.00157551789451319, 
0.00118184290953511, 0.00205196197223881, 0.000727012768729229, 
0.00155951983625165, 0.00206710951525684, 0.00186629185205419, 
0.00103428822818414, 0.000844565753467139, 0.00108760319058916, 
0.00144551257385079, 0.00151891506527212, 0.000873595079194814, 
0.000843519825705351, 0.00178536391646723, 0.00244268946566607, 
0.0018480497872215, 0.00196966982733481, 0.00121913348803175, 
0.00207529114395018, 0.00177425724022552, 0.00161933216086663, 
0.00178203822669623, 0.00144312760480802, 0.00157102786228521, 
0.00134021631366776, 0.00153691260276575, 0.00199081129826591, 
0.00142957532675996, 0.00255110852465705, 0.00258071933640505, 
0.00179362477859249, 0.00188306334261018, 0.00223715668949002, 
0.00118550389287207, 0.00174838330810554, 0.00114402740250842, 
0.00189179428148826, 0.00196539945276803, 0.00221337419000814, 
0.00149088119708326, 0.0065798638746355, 0.0033834147969169, 
0.00205729317129463, 0.00210427425451956, 0.00192456498254091, 
0.000964812111315611, 0.00202612446335916, 0.00144871701942922, 
0.00136734268372092, 0.00163682139746651, 0.00122443286296776, 
0.000792716416931618, 0.00213728745270316, 0.00234689327531157, 
0.00141234289307885, 0.00295704884806734, 0.00620834371528655, 
0.0011044442835261, 0.00273774481236656, 0.00192953420970649, 
0.001622906262601, 0.00197038166326656, 0.0017335456397972, 0.00133353266601474, 
0.00171064114006643, 0.00180343565166916, 0.00100332914750183, 
0.000663680354327507, 0.000826039979805087, 0.00165054096030396, 
0.000904240128878837, 0.000891290349749289, 0.000782062491494727, 
0.00236170113082136, 0.00172474893487547, 0.00211215869979588, 
0.000694585375492708, 0.000833965073482572, 0.00136696884109305, 
0.00175873560181358, 0.00223150517402793, 0.000739735265141836, 
0.000791717661618381, 0.00142860597320732, 0.000914049527633129, 
0.000518913476263163, 0.000803265368845671, 0.00148421052590117, 
0.00188128831832904, 0.00174564707342506, 0.00124056322098634, 
0.00223377320612989, 0.00217446505494263, 0.00169822958007321, 
0.00157686619561193, 0.00242227432881022, 0.0010974413877999, 
0.00118071925063564, 0.00132683218182028, 0.00101465473665763, 
0.00240046194215899, 0.00110369483195253, 0.00126979666712906, 
0.00162322193129796, 0.00120364106333773, 0.00134139577428679, 
0.00147373373205967, 0.00173351911409854, 0.00104964472205954, 
0.0013036342078571, 0.00271137206161062, 0.00111811766275904, 
0.000883812350949919, 0.00268726024471621, 0.00108686156849841, 
0.00111685288230834, 0.00159825822359871, 0.00167578126892547, 
0.000915394942105166, 0.000725594594222075, 0.00138620562636061, 
0.00110865555095704, 0.00120723639505303, 0.00165854585887195, 
0.00187264601838828, 0.00288423302568493, 0.00270784197234918, 
0.00227065472137586, 0.00171868906148839, 0.00239403739193791, 
0.00226202676574096, 0.00218217421388551, 0.00328886087137424, 
0.00201301144271826, 0.00169901285596942, 0.00159963073119589, 
0.00144015735923743, 0.00205497545580702, 0.00124105739093158, 
0.00157973932845564, 0.00212764852002478, 0.00173231780642831, 
0.00223981770905779, 0.00126162932674818, 0.00213358950441262, 
0.00122860399162897, 0.00102755193662327, 0.00230255584309764, 
0.00138959218231265, 0.0021125794676504, 0.00232796662214048, 
0.00226209119484664, 0.000927677181061628, 0.00161547056334045, 
0.00222733478753894, 0.00227507663622895, 0.00138617073034735, 
0.00170655452869089, 0.000943709216830602, 0.00080063043388543, 
0.00161893939993431, 0.00100992638259151, 0.00496481598189235, 
0.00339253150590161, 0.000493278506554556, 0.00154158975604877, 
0.0012940125376134, 0.00136610789946742, 0.000999272107945026, 
0.000727740833380181, 0.00161138027107441, 0.00102899048417342, 
0.00083495250346947, 0.00147338681206736, 0.00194806299378042, 
0.001541887561903, 0.00107552645638804, 0.00161644926503065, 
0.00100012290792631, 0.00288682418045414, 0.00159668489218299, 
0.00285314002646724, 0.00188204791309737, 0.0012122252110855, 
0.00117851543868733, 0.00166942987433201, 0.00255300126278798, 
0.00185949718542187, 0.00188599851747387, 0.00181585551604334, 
0.00145063027080483, 0.00147634927493968, 0.00114565973774862, 
0.00132726603634524, 0.00214123851154857, 0.00132730818676098, 
