structure(list(exp = structure(c(1.29990465323279, 2.08573794997997, 
2.32993365879317, 2.64639736499005, 1.57503833560346, 2.04987297679239, 
2.80644060840813, 1.87383446758815, 2.94577010916271, 1.70081195476215, 
1.94851369346722, 1.32716244075298, 1.58792213219359, 1.45297008508524, 
2.92937639205393, 2.8460199918847, 2.03927309627721, 2.14218752107972, 
2.72300319461881, 2.46813783033666, 2.13518226112805, 2.3773943714641, 
1.97021253333664, 4.00070362041383, 4.23229364772339, 2.65759853381398, 
2.45900167348852, 4.02273771010352, 3.28652021776064, 3.06707569545432, 
2.3628416036189, 1.76539729712753, 2.67700871598758, 1.66675294045405, 
2.29528128830988, 3.29064900705695, 1.500396888949, 2.53390694510202, 
2.09665715096345, 1.41444088332968, 2.78871193196772, 3.72562121986552, 
3.02922806701625, 2.32409610989678, 1.79033505127391, 2.52704321436686, 
3.7276326166303, 2.32797316822059, 3.18601311105605, 2.53537932198752, 
1.69755033303338, 3.16672830946265, 1.5448486108404, 2.7665747039492, 
1.54893425932069, 2.72093369471549, 1.63360261828839, 1.27448986564502, 
2.47813461531706, 2.20751554633229, 1.81669711173367, 1.82397930435826, 
4.39308955780898, 1.98991995653515, 1.6601400341014, 3.30583800171315, 
2.3667049599627, 2.15933637202303, 2.97420686444288, 4.48439589796887, 
2.6815134458254, 2.68033241980024, 3.51889903609841, 2.87505986128862, 
2.03517601459643, 2.29798065441322, 2.70136973430679, 2.34327910137741, 
2.3805327427763, 2.46426054864423, 2.50766462071067, 4.35066884747066, 
2.0604035160982, 2.48542430842971, 1.76594087511431, 3.16131901064617, 
1.94220579517911, 1.63939914469806, 2.16281052107241, 3.2586363019652, 
3.65525803620731, 2.66504800637417, 3.07447055609863, 2.45102519922298, 
1.75891869058018, 2.50741488600934, 4.60453700638557, 4.00050691346285, 
1.73389799451183, 3.13998193387419, 3.27388265652857, 2.49703864263939, 
3.04508033805175, 2.02449582595626, 4.33664618146028, 1.81613003255215, 
1.72113099587528, 2.27677389966976, 1.31576577586646, 2.30424498881109, 
1.83148341185036, 1.03698680332438, 1.35994362449804, 2.96327460392709, 
1.4434853046742, 1.90783134573054, 1.58218365913784, 1.54013900107447, 
3.24125574602066, 1.47701063461524, 2.65058771514642, 3.24462217786641, 
1.37532578856422, 1.69333062700643, 1.55200592741012, 1.63640782599121, 
1.50549523179176, 2.39486273761213, 1.29352441629987, 2.2494121522745, 
0.920608567287655, 2.16142714522816, 2.43411308709804, 2.15004112767411, 
2.66730213863911, 2.78503448494492, 3.43373044034273, 1.76317267255392, 
1.99183827921748, 3.00969802099452, 2.63712622311883, 1.47108926117745, 
2.51128140132595, 1.73147033794357, 5.76506309325934, 1.57485149481035, 
2.85699795120723, 2.97742486675759, 4.63581755359171, 1.3538696748149, 
3.07184835745129, 2.83830682100965, 1.63198340540659, 3.50450946413071, 
2.79694014174151, 1.86152904051349, 3.40017668537518, 2.08936620621064, 
1.35234992359594, 1.49237108181336, 2.53290554053846, 2.74372365074887, 
2.7898912297215, 3.26412412497882, 2.27654052374043, 1.99095195908246, 
1.40093425184808, 1.75329978247316, 1.71148571603027, 1.6789465478018, 
2.80216248397552, 3.41830164239325, 2.97287928998704, 1.69634522485053, 
1.71912082990976, 2.06875574934733, 1.55183531868522, 2.69435729184325, 
0.954614257569085, 2.04774927577936, 2.71424698450631, 2.45056055049768, 
1.35808658599802, 1.1089688440047, 1.42809254111013, 1.89805044952007, 
1.99443261482148, 1.14708620510097, 1.10759547396673, 2.34429699575712, 
3.20740747760802, 2.42660755279831, 2.58630244302867, 1.60080023297155, 
2.72498998619314, 2.32971321958346, 2.12628668297733, 2.33993015241103, 
1.89491883264893, 3.09429007484387, 2.63968458935779, 2.01806453248722, 
2.61406254635132, 1.8771238249081, 3.34976863542636, 3.38864952485316, 
2.355144036007, 2.472582590129, 2.93752979873539, 2.33496363588798, 
2.29573909208047, 2.25327170950489, 2.4840468712166, 3.87104275220017, 
2.90630185603265, 2.93643352969928, 12.9596730712928, 6.66395999492413, 
4.05203624569794, 4.1445699957467, 3.79061534606143, 1.2668600015748, 
2.66043099038406, 1.9022580914878, 2.69311257726117, 2.14925116906391, 
1.60775865115581, 1.56133102407829, 4.20959265634405, 3.08162095353767, 
1.85449653747634, 5.82419135972149, 4.07597615985564, 2.17530895967805, 
5.3922510247773, 3.8004027156347, 3.19646956067578, 3.88085569369311, 
3.41438442709141, 2.62652050417957, 3.36927181776881, 3.55203950963818, 
1.97615299985866, 1.30718212105881, 1.62696497770393, 3.25089874864653, 
1.78098767261543, 1.7554818404186, 1.54034709595779, 4.65159692216928, 
3.39705847292848, 4.16009916702993, 1.36805252479259, 1.64257420991244, 
2.69237625834489, 3.46399847361736, 2.9301089975211, 1.45697956343745, 
1.55936387968376, 2.81377650255547, 1.80030822442374, 1.02204986801968, 
1.58210819677603, 2.92329500292531, 3.70537780460347, 3.43821936144553, 
2.44340826414794, 4.39963060306632, 4.28281751019786, 3.34482605978939, 
3.10578923237009, 4.7709016460625, 2.16151608479598, 2.3255398240389, 
2.61332325781792, 1.99845983410258, 4.72794005821046, 2.17383284291312, 
2.50098634052995, 3.19709130045482, 2.37068653291923, 2.64200765018614, 
2.9026599524732, 3.41433218218343, 2.06737596674873, 2.56763262284323, 
5.34030736237037, 2.20223999168948, 1.74075320445989, 5.29281682608267, 
2.14067811581773, 2.19974888526838, 3.14792288350978, 3.30061195764075, 
1.80295814728464, 1.4291281556241, 2.73026495220851, 2.18360345484704, 
2.37776788361294, 3.26666516424213, 3.68835596586178, 3.78718240847832, 
3.5555696752986, 2.98151485678962, 2.25674864733484, 3.14352419351883, 
2.97018579928607, 2.86533429215542, 4.31848464568612, 2.6432127557092, 
2.23091253120155, 2.10041744591969, 1.89101871026852, 2.69831418847958, 
2.4443815792581, 2.07429876207308, 4.19060785382412, 2.27464406099472, 
2.9410238875992, 1.65659998680114, 2.80153946164131, 2.41985341474543, 
2.02386210659244, 4.53510460451485, 2.73693509900975, 4.16092790968136, 
3.05676904757078, 4.45540559823307, 1.82714919507711, 3.18182423771635, 
4.38694952004932, 2.98732111377173, 1.82013081410867, 2.24081522977234, 
1.23915055159282, 1.05127895974467, 2.12577096275627, 1.98914688720432, 
9.7786813238623, 6.68191622778534, 0.647706224104496, 2.02420593385024, 
1.69912121356286, 2.69068055122782, 1.96816227128202, 1.43335537952292, 
2.11584534315941, 1.35113030932295, 1.09634603199358, 1.93465110684681, 
2.55793128882185, 2.02459697198144, 1.41223501680088, 2.12250125638445, 
1.31322533563848, 3.79058476039378, 2.09654937091033, 3.74635531211841, 
2.4712492662423, 1.59172922355908, 1.54746613667141, 2.19206818448969, 
3.35225392163226, 2.44163871869274, 2.4764366624285, 2.38433441592832, 
1.90477031289577, 1.93854101004669, 1.50432450022761, 1.74278518394808, 
2.81158309716231, 1.74284053013945, 2.2299752155085, 1.8217853535061, 
2.61652698975211, 1.49274513768444, 1.89934148995732, 2.98744122465154, 
1.83284532681432, 2.45569451298309, 0.730482859496833, 2.67212358747298, 
3.73402907883983, 2.05555198127251, 2.18720612784004, 2.81488362848589, 
2.09300683846318, 1.78926194238103, 1.52693753675696, 1.03658937758192, 
2.89512554413307, 1.94405654938528, 2.39781543082137, 1.97754340709951, 
2.54908946095731, 1.63392069900516, 2.19956119328392, 2.66138894108979, 
3.17157557354247, 2.24166805029031, 2.52515339117563, 2.01760820039758, 
1.98820812605227, 1.80723817431504, 1.78274309496254, 2.37236420663603, 
2.47664050552293, 2.1626083761005, 1.88405293194553, 2.06953639164584, 
2.38633538908186, 2.19304013059246, 1.91941053069748, 2.37563397578654, 
1.87632066239179, 2.33096332365311, 2.0162179144943, 2.30358014696262, 
1.67228682038693, 2.16246950300975, 1.91498114560642, 1.60005390828434, 
2.34283243017054, 2.34817108377937, 2.44955484998666, 1.07923139823296, 
1.73460288436781, 2.43802064257872, 2.25284718952391, 0.921369762819872, 
5.18250373094055, 1.31486541014895, 2.309796318506, 1.96837265988397, 
1.38198214177682, 1.13851622529001, 0.979345374178135, 1.67265838752675, 
