structure(list(exp = structure(c(2.59980930646559, 4.17147589995995, 
4.65986731758633, 5.2927947299801, 3.15007667120692, 4.09974595358478, 
5.61288121681626, 3.74766893517631, 5.89154021832541, 3.40162390952431, 
3.89702738693444, 2.65432488150596, 3.17584426438719, 2.90594017017048, 
5.85875278410786, 5.6920399837694, 4.07854619255442, 4.28437504215944, 
5.44600638923762, 4.93627566067332, 4.27036452225611, 4.7547887429282, 
3.94042506667327, 8.00140724082766, 8.46458729544678, 5.31519706762797, 
4.91800334697704, 8.04547542020703, 6.57304043552128, 6.13415139090864, 
4.72568320723779, 3.53079459425506, 5.35401743197517, 3.33350588090809, 
4.59056257661976, 6.58129801411391, 3.000793777898, 5.06781389020404, 
2.79554286795127, 2.82888176665937, 5.57742386393544, 4.96749495982069, 
4.03897075602167, 4.64819221979356, 3.58067010254781, 3.36939095248914, 
4.97017682217373, 3.10396422429412, 6.37202622211209, 5.07075864397504, 
3.39510066606675, 6.3334566189253, 3.08969722168079, 5.53314940789839, 
3.09786851864137, 5.44186738943098, 3.26720523657678, 2.54897973129003, 
4.95626923063412, 4.41503109266457, 5.45009133520101, 3.64795860871651, 
8.78617911561797, 3.9798399130703, 3.32028006820279, 6.6116760034263, 
4.73340991992541, 4.31867274404606, 5.94841372888575, 8.96879179593775, 
5.36302689165081, 5.36066483960048, 7.03779807219682, 5.75011972257725, 
4.07035202919287, 4.59596130882643, 5.40273946861357, 4.68655820275482, 
4.76106548555259, 4.92852109728846, 5.01532924142134, 8.70133769494131, 
4.12080703219641, 4.97084861685942, 3.53188175022861, 6.32263802129234, 
3.88441159035823, 3.27879828939611, 4.32562104214482, 4.34484840262026, 
7.31051607241463, 5.33009601274835, 6.14894111219727, 4.90205039844596, 
3.51783738116036, 5.01482977201868, 9.20907401277115, 8.0010138269257, 
3.46779598902367, 6.27996386774839, 6.54776531305714, 4.99407728527879, 
6.09016067610351, 4.04899165191252, 8.67329236292056, 3.6322600651043, 
3.44226199175057, 4.55354779933953, 2.63153155173291, 4.60848997762218, 
3.66296682370072, 2.07397360664876, 2.71988724899608, 5.92654920785419, 
2.88697060934839, 3.81566269146109, 3.16436731827567, 3.08027800214893, 
6.48251149204132, 2.95402126923048, 5.30117543029284, 6.48924435573282, 
2.75065157712844, 3.38666125401287, 3.10401185482024, 3.27281565198243, 
3.01099046358352, 4.78972547522426, 2.58704883259974, 4.498824304549, 
1.84121713457531, 4.32285429045631, 4.86822617419607, 4.30008225534822, 
5.33460427727823, 5.57006896988984, 6.86746088068545, 3.52634534510784, 
3.98367655843496, 6.01939604198905, 5.27425244623765, 2.9421785223549, 
5.02256280265191, 3.46294067588713, 11.5301261865187, 3.1497029896207, 
5.71399590241445, 5.95484973351518, 9.27163510718342, 2.70773934962981, 
6.14369671490258, 5.6766136420193, 3.26396681081318, 7.00901892826142, 
5.59388028348302, 3.72305808102697, 6.80035337075035, 4.17873241242129, 
2.70469984719188, 2.98474216362672, 5.06581108107692, 5.48744730149774, 
5.57978245944301, 6.52824824995763, 4.55308104748086, 3.98190391816493, 
2.80186850369615, 3.50659956494633, 3.42297143206054, 3.3578930956036, 
5.60432496795103, 6.8366032847865, 5.94575857997409, 3.39269044970107, 
3.43824165981953, 4.13751149869465, 3.10367063737043, 5.3887145836865, 
1.90922851513817, 4.09549855155872, 5.42849396901262, 4.90112110099536, 
2.71617317199605, 2.21793768800939, 2.85618508222025, 3.79610089904014, 
3.98886522964296, 2.29417241020195, 2.21519094793346, 4.68859399151424, 
6.41481495521603, 4.85321510559662, 5.17260488605735, 3.2016004659431, 
5.44997997238628, 4.65942643916692, 4.25257336595466, 4.67986030482205, 
3.78983766529785, 4.12572009979183, 3.51957945247705, 4.03612906497444, 
5.22812509270265, 3.75424764981619, 6.69953727085272, 6.77729904970632, 
4.71028807201401, 4.94516518025801, 5.87505959747077, 3.11328484785064, 
4.59147818416094, 3.00436227933985, 4.96809374243319, 5.16139033626689, 
5.81260371206529, 3.9152447062657, 17.2795640950571, 8.88527999323218, 
5.40271499426392, 5.52609332766226, 5.05415379474858, 2.5337200031496, 
5.32086198076812, 3.8045161829756, 3.59081676968156, 4.29850233812781, 
3.21551730231161, 2.08177469877106, 5.61279020845874, 6.16324190707533, 
3.70899307495268, 7.76558847962866, 5.43463487980752, 2.9004119462374, 
7.1896680330364, 5.06720362084626, 4.26195941423437, 5.17447425825748, 
4.55251256945521, 3.5020273389061, 4.49236242369175, 4.73605267951757, 
2.63487066647822, 2.61436424211762, 2.16928663693857, 4.33453166486203, 
2.3746502301539, 2.34064245389147, 2.05379612794372, 6.20212922955904, 
4.52941129723797, 5.54679888937324, 1.82407003305679, 2.19009894654992, 
3.58983501112653, 4.61866463148981, 5.86021799504219, 1.9426394179166, 
2.07915183957835, 3.75170200340729, 2.40041096589832, 1.36273315735957, 
2.10947759570137, 3.89772667056708, 4.94050373947129, 4.58429248192737, 
3.25787768553059, 5.86617413742176, 5.71042334693048, 4.45976807971919, 
4.14105230982678, 6.36120219475, 2.88202144639464, 3.1007197653852, 
3.4844310104239, 2.66461311213678, 6.30392007761395, 2.89844379055082, 
3.33464845403994, 4.26278840060643, 3.16091537722565, 3.52267686691486, 
3.87021326996426, 4.55244290957791, 2.75650128899831, 3.42351016379098, 
7.12040981649382, 2.93631998891931, 2.32100427261319, 7.05708910144356, 
2.85423748775698, 2.93299851369117, 4.19723051134638, 4.400815943521, 
2.40394419637952, 1.90550420749879, 3.64035326961134, 2.91147127312938, 
3.17035717815059, 4.35555355232283, 4.91780795448237, 7.57436481695665, 
7.11113935059719, 5.96302971357924, 4.51349729466968, 6.28704838703765, 
5.94037159857213, 5.73066858431083, 8.63696929137225, 5.28642551141839, 
4.4618250624031, 4.20083489183938, 3.78203742053705, 5.39662837695917, 
3.2591754390108, 4.14859752414616, 5.58747713843215, 4.54928812198944, 
5.88204777519839, 3.31319997360228, 5.60307892328261, 3.22647121966057, 
2.69848280878992, 6.04680613935314, 3.64924679867967, 5.54790387957515, 
6.11353809514156, 5.9405407976441, 2.43619892676948, 4.24243231695514, 
5.84926602673243, 5.97464222754347, 3.64026162821734, 4.48163045954468, 
2.47830110318564, 2.10255791948933, 4.25154192551253, 2.65219584960576, 
13.0382417651497, 8.90922163704712, 1.29541244820899, 4.04841186770048, 
3.39824242712573, 3.58757406830376, 2.62421636170936, 1.91114050603056, 
4.23169068631882, 2.7022606186459, 2.19269206398716, 3.86930221369362, 
5.1158625776437, 4.04919394396287, 2.82447003360176, 6.36750376915336, 
2.62645067127696, 7.58116952078757, 4.19309874182065, 7.49271062423681, 
4.94249853248459, 3.18345844711817, 3.09493227334282, 4.38413636897937, 
6.70450784326452, 4.88327743738548, 4.952873324857, 4.76866883185664, 
3.80954062579155, 3.87708202009338, 3.00864900045523, 3.48557036789616, 
5.62316619432462, 3.48568106027889, 4.45995043101701, 3.64357070701221, 
5.23305397950421, 2.98549027536889, 3.79868297991463, 8.96232367395463, 
3.66569065362865, 4.91138902596618, 1.46096571899367, 8.01637076241894, 
7.46805815767966, 2.74073597503001, 4.37441225568009, 5.62976725697177, 
4.18601367692636, 3.57852388476207, 3.05387507351392, 2.07317875516384, 
5.79025108826614, 3.88811309877057, 4.79563086164274, 3.95508681419902, 
5.09817892191463, 3.26784139801031, 4.39912238656784, 5.32277788217959, 
6.34315114708494, 4.48333610058062, 5.05030678235126, 4.03521640079515, 
3.97641625210453, 3.61447634863009, 3.56548618992508, 4.74472841327207, 
4.95328101104585, 4.32521675220099, 3.76810586389107, 4.13907278329168, 
4.77267077816372, 4.38608026118492, 3.83882106139497, 4.75126795157309, 
3.75264132478357, 4.66192664730622, 4.03243582898859, 4.60716029392523, 
3.34457364077386, 4.32493900601951, 3.82996229121284, 3.20010781656867, 
4.68566486034109, 4.69634216755873, 4.89910969997332, 2.15846279646593, 
3.46920576873562, 4.87604128515744, 4.50569437904782, 1.84273952563974, 
10.3650074618811, 2.6297308202979, 4.61959263701201, 3.93674531976794, 
2.76396428355363, 2.27703245058002, 1.95869074835627, 3.34531677505349, 
