structure(list(exp = structure(c(0.000994950604078658, 0.00159642957513955, 
0.00178333764366048, 0.00202555983654709, 0.00120553868282451, 
0.00156897842581909, 0.00214805737613318, 0.00143423806571786, 
0.00225470055999823, 0.00130180615755651, 0.00149139775101917, 
0.00101581378976817, 0.00121539997624191, 0.00111210730746179, 
0.00224215276374263, 0.00217835154532562, 0.00156086524805986, 
0.00163963623243245, 0.00208419414966808, 0.001889119497446, 
0.00163427438715918, 0.00181966420393896, 0.00150800610285651, 
0.00306214957687175, 0.00323940922202895, 0.00203413324203498, 
0.00188212665781548, 0.00307901452984546, 0.00251551163221513, 
0.00234754819006002, 0.0018085254753233, 0.00135123995659803, 
0.00204898984896447, 0.00127573729413956, 0.00175681462379178, 
0.00251867181892134, 0.00114840791384582, 0.00193945935914491, 
0.00106985810777684, 0.00108261695025288, 0.00213448779832604, 
0.00190106716624938, 0.00154571967396447, 0.00177886956764709, 
0.0013703273823493, 0.00128947056048267, 0.00190209351866744, 
0.00118789138584879, 0.00243858321574917, 0.0019405863204709, 
0.00129930970329638, 0.00242382257546131, 0.00118243138428897, 
0.0021175439029912, 0.0011855585508957, 0.0020826101487386, 0.00125036394619278, 
0.000975498055616658, 0.0018967710642208, 0.00168963848300264, 
0.00139050497607817, 0.00139607878638251, 0.00336248285475668, 
0.00152309021888566, 0.00127067575739229, 0.00253029751729156, 
0.00181148249891613, 0.00165276201020613, 0.00227646613086043, 
0.00343236897915231, 0.00205243778159723, 0.0020515338210227, 
0.00269337502019921, 0.0022005787414003, 0.00155772933044997, 
0.00175888072604664, 0.00206763583952415, 0.00179355228219405, 
0.00182206632199057, 0.00565845544605885, 0.00191937341173279, 
0.00333001392615365, 0.00157703852962558, 0.00190235061541938, 
0.0013516560126872, 0.00725904684971798, 0.0014865696682851, 
0.00125480062348177, 0.00165542113346316, 0.0016627794708121, 
0.00279774457468346, 0.00203983508886305, 0.00235320823677717, 
0.00187602144242974, 0.00134628121329187, 0.00191918226410414, 
0.00352432531463938, 0.00306199901682935, 0.00132713030356494, 
0.00240335082587378, 0.00250583880801941, 0.00191124025883219, 
0.00233071288288562, 0.00154955468463053, 0.0033192809389433, 
0.00139007093210978, 0.0013173584076231, 0.00174264901752088, 
0.00100709075105519, 0.00176367546485907, 0.00140182245093804, 
0.00079371255716585, 0.0010409045981505, 0.0022680985485327, 
0.00110484763039544, 0.00146025936994232, 0.00121100773314999, 
0.0011788266359946, 0.00248086608079796, 0.00113050801032702, 
0.00202876714210524, 0.00248344275701048, 0.00105267814891949, 
0.00129607992867399, 0.00118790961411677, 0.00125251105989958, 
0.00115231019950853, 0.00183303453953091, 0.000990067153146476, 
0.00172170626065648, 0.0021139090037063, 0.0049630868813383, 
0.00186307686520009, 0.00164564740456408, 0.00204156040791095, 
0.00213167307023987, 0.00262818674228597, 0.00404861166845521, 
0.00152455850835355, 0.00230363115989752, 0.00201846367900789, 
0.00112597577477862, 0.00192214170558346, 0.00132527216853705, 
0.00441259517990412, 0.00120539567436653, 0.00218675410564597, 
0.00227892919870082, 0.00354826753167911, 0.00103625558032342, 
0.0023512011987058, 0.00217244786308061, 0.00124912459619055, 
0.00268236120215794, 0.00214078569276358, 0.00142481945792155, 
0.00260250460576077, 0.00479761995737358, 0.00103509235855204, 
0.00114226493894534, 0.00193869288133212, 0.00210005364389492, 
0.0021353904360769, 0.00249836960107703, 0.00174247039094139, 
0.00152388011647954, 0.00107227893729303, 0.00134198048554123, 
0.00130997588384766, 0.00128507031480871, 0.00214478288790209, 
0.00261637749781418, 0.00227545000171319, 0.00129838731017199, 
0.00131581982105314, 0.00158343135197294, 0.00118777902972853, 
0.0020622684967365, 0.000730664383628732, 0.00156735293921087, 
0.00207749212231614, 0.00187566579901484, 0.00103948321576465, 
0.000848807809482691, 0.00109306596674155, 0.00145277304502699, 
0.00152654421997475, 0.000877982942715968, 0.00084775662827067, 
0.00179433138135757, 0.00245495852287022, 0.00185733210856207, 
0.00197956301765823, 0.00367577073020693, 0.0020857148454146, 
0.00178316891888184, 0.0016274656871267, 0.00179098898742559, 
0.00145037609684319, 0.00157891876736448, 0.00134694790638531, 
0.0015446321548849, 0.00200081067724732, 0.0014367557488759, 
0.00256392214540703, 0.00259368168532874, 0.00180263373585891, 
0.00189252152884067, 0.00224839340368714, 0.00119145840132753, 
0.00175716502805948, 0.00114977358426495, 0.00190129632118029, 
0.00197527119399996, 0.00222449145027928, 0.00149836954423041, 
0.00661291299013221, 0.00340040889717901, 0.00206762647315682, 
0.00211484353136167, 0.00193423162179072, 0.000969658136629663, 
0.00203630121209987, 0.00145599358578521, 0.00137421052584332, 
0.00164504276806673, 0.00123058290252438, 0.000796698045870829, 
0.00214802254710935, 0.00235868117068327, 0.00141943676071558, 
0.00297190141200653, 0.00207984225733943, 0.0011099916485448, 
0.00275149586348681, 0.00193922580822075, 0.00163105774073716, 
0.00198027842897519, 0.00174225283361763, 0.00134023068833518, 
0.00171923328994804, 0.00181249388665373, 0.00100836863486947, 
0.000667013865339433, 0.000830188985197542, 0.00165883124105573, 
0.000908781915308688, 0.000895767092470901, 0.000785990608261199, 
0.00237356340258387, 0.00173341194490692, 0.00212276757836038, 
0.000698074115189205, 0.000838153884764823, 0.00137383480549147, 
0.00176756931891472, 0.00224271350198624, 0.000743450782161711, 
0.000795694274043523, 0.00143578152648736, 0.000918640584375946, 
0.000521519857145286, 0.000807299982700196, 0.00149166536782899, 
0.0018907375890282, 0.00175441504991292, 0.00124679427955419, 
0.00224499292588236, 0.00218538688373934, 0.00170675938959528, 
0.00158478642527238, 0.00243444084556237, 0.00110295357891317, 
0.00118664972695353, 0.0013334965491776, 0.0010197511098076, 
0.00241251890040059, 0.00110923843265146, 0.00127617455845157, 
0.00163137499496408, 0.00120968667055343, 0.00134813329115885, 
0.00148113595150528, 0.00174222617468659, 0.00105491684171289, 
0.00131018205722326, 0.00272499064857929, 0.00112373370595986, 
0.000888251533434615, 0.00810227317102397, 0.00327696185897011, 
0.00112246257281311, 0.00481885770121971, 0.00168419832583716, 
0.000919992756549833, 0.000729239085963109, 0.00139316821262693, 
0.00111422406818593, 0.00121330006077805, 0.00166687634635479, 
0.00188205188083852, 0.0028987198527989, 0.0027214428285061, 
0.00228205968834322, 0.0017273216341948, 0.00240606208116813, 
0.00227338839650749, 0.0021931347639824, 0.00330538004940917, 
0.00202312232782685, 0.0017075465997029, 0.00160766530178802, 
0.00144739093242462, 0.00206529711632703, 0.00124729093159935, 
0.00158767398918959, 0.00213833520032918, 0.00174101883312924, 
0.00225106778893309, 0.00126796619543242, 0.00214430602489045, 
0.00123477498178814, 0.00103271308938864, 0.00231412104192942, 
0.00139657177845652, 0.00212319045963331, 0.00233965945336518, 
0.00227345314922548, 0.000932336686316555, 0.00162358469370038, 
0.00223852216862246, 0.00228650381343918, 0.00139313314133916, 
0.00171512615248049, 0.000948449247247125, 0.000804651813078648, 
0.00162707095344819, 0.00101499900632619, 0.00498975309000457, 
0.00340957139725817, 0.000495756128986536, 0.00154933280041365, 
0.00130051205958294, 0.00137296953955765, 0.00100429121775297, 
0.000731396105177942, 0.00161947385685407, 0.00103415886242628, 
0.000839146274381328, 0.00148078728901508, 0.00195784765803837, 
0.00154963210207696, 0.00108092857393244, 0.00162456831118, 0.00100514629110333, 
0.00290132402233177, 0.00160470466651556, 0.00286747068072689, 
0.00189150099906318, 0.00121831393446527, 0.00118443484577385, 
0.0016778150296759, 0.00256582439031839, 0.00186883700436307, 
0.0018954714464004, 0.00182497613309841, 0.00145791644697448, 
0.00148376463164472, 0.00115141411834284, 0.00133393258285225, 
0.00215199345119816, 0.00133397494497965, 0.00170682917568823, 
